시설유형,시설명,시구동,시설수,상세주소,위도,경도,좌표출처
경로당,I PARK삼성아파트,서울특별시 강남구,1,강남구 영동대로 640,37.5187074,127.058307,ArcGIS 지오코딩(주소 지점 일치)
경로당,LH강남브리즈힐아파트,서울특별시 강남구,1,강남구 자곡로3길45,37.4721693,127.0910331,ArcGIS 지오코딩(주소 지점 일치)
경로당,LH강남아이파크아파트,서울특별시 강남구,1,강남구 자곡로 175,37.4744167,127.1013595,ArcGIS 지오코딩(주소 지점 일치)
경로당,LH수서1단지,서울특별시 강남구,1,"강남구 밤고개로 165, 102동 1층",37.4779177,127.1072084,ArcGIS 지오코딩(주소 지점 일치)
경로당,가람아파트,서울특별시 강남구,1,강남구 일원로 127,37.4829326,127.0840921,ArcGIS 지오코딩(주소 지점 일치)
경로당,강남 더샵 시니어하우스,서울특별시 강남구,1,강남구 광평로34길 35,37.4805449,127.0957315,ArcGIS 지오코딩(주소 지점 일치)
경로당,강남데시앙파크아파트,서울특별시 강남구,1,강남구 헌릉로590길 63,37.4605403,127.102361,ArcGIS 지오코딩(주소 지점 일치)
경로당,강남상가아파트,서울특별시 강남구,1,"강남구 압구정로2길 46, 4층 옥탑",37.5187673,127.0206916,ArcGIS 지오코딩(주소 지점 일치)
경로당,강남센트럴아이파크아파트,서울특별시 강남구,1,강남구 테헤란로 44길 26,37.5007893,127.0459346,ArcGIS 지오코딩(주소 지점 일치)
경로당,강남에버시움,서울특별시 강남구,1,강남구 자곡로 3길 22,37.4702529,127.0914106,ArcGIS 지오코딩(주소 지점 일치)
경로당,개나리skview 경로당,서울특별시 강남구,1,강남구 역삼로 315-1,37.5005685,127.050071,ArcGIS 지오코딩(주소 지점 일치)
경로당,개나리푸르지오아파트,서울특별시 강남구,1,강남구 역삼로 314,37.4996151,127.0493026,ArcGIS 지오코딩(주소 지점 일치)
경로당,개포,서울특별시 강남구,1,강남구 선릉로12길 12,37.4837051,127.0608903,ArcGIS 지오코딩(주소 지점 일치)
경로당,"개포7단지아파트, 주공6단지아파트",서울특별시 강남구,2,"강남구 개포로 516, 주공7단지아파트",37.4897616,127.0713073,ArcGIS 지오코딩(주소 지점 일치)
경로당,개포상록스타힐즈 실버라운지,서울특별시 강남구,1,강남구 영동대로 16,37.489236,127.0752562,ArcGIS 지오코딩(주소 지점 일치)
경로당,개포자이 경로당,서울특별시 강남구,1,강남구 개포로109길 69,37.4961507,127.0774579,ArcGIS 지오코딩(주소 지점 일치)
경로당,개포자이프레지던스 시니어클럽,서울특별시 강남구,1,강남구 삼성로 14,37.4861492,127.068427,ArcGIS 지오코딩(주소 지점 일치)
경로당,개포현대1차아파트,서울특별시 강남구,1,강남구 개포로 303,37.4827195,127.0555822,ArcGIS 지오코딩(주소 지점 일치)
경로당,궁마을,서울특별시 강남구,1,강남구 광평로42길 18,37.4849235,127.0992532,ArcGIS 지오코딩(주소 지점 일치)
경로당,그레이튼 실버클럽아파트,서울특별시 강남구,1,강남구 도곡로43길 21,37.4954525,127.0474221,ArcGIS 지오코딩(주소 지점 일치)
경로당,논현,서울특별시 강남구,1,강남구 논현로 123길 19,37.5112257,127.0300893,ArcGIS 지오코딩(주소 지점 일치)
경로당,논현쌍용,서울특별시 강남구,1,강남구 도산대로50길 43,37.5196437,127.038157,ArcGIS 지오코딩(주소 지점 일치)
경로당,논현아파트,서울특별시 강남구,1,강남구 강남대로146길 28,37.515305,127.0231236,ArcGIS 지오코딩(주소 지점 일치)
경로당,대림아크로빌아파트,서울특별시 강남구,1,강남구 언주로 30길 13,37.4885357,127.0514156,ArcGIS 지오코딩(주소 지점 일치)
경로당,대림아파트,서울특별시 강남구,1,강남구 학동로77길 27,37.5208849,127.047789,ArcGIS 지오코딩(주소 지점 일치)
경로당,대림아파트,서울특별시 강남구,1,강남구 논현로41길 10,37.4866129,127.0393719,ArcGIS 지오코딩(주소 지점 일치)
경로당,대청3단지,서울특별시 강남구,1,강남구 개포로109길 21,37.4953785,127.0764229,ArcGIS 지오코딩(주소 지점 일치)
경로당,대치4,서울특별시 강남구,1,강남구 도곡로77길 22,37.4998255,127.058184,ArcGIS 지오코딩(주소 지점 일치)
경로당,대치I'PARK아파트,서울특별시 강남구,1,강남구 선릉로 222,37.4959448,127.0543522,ArcGIS 지오코딩(주소 지점 일치)
경로당,대치SK VIEW아파트,서울특별시 강남구,1,강남구 삼성로51길 25,37.4956587,127.0595996,ArcGIS 지오코딩(주소 지점 일치)
경로당,대치르엘경로당,서울특별시 강남구,1,강남구 도곡로 93길23,37.5014924,127.0645958,ArcGIS 지오코딩(주소 지점 일치)
경로당,대치삼성아파트,서울특별시 강남구,1,강남구 도곡로78길 22,37.4968307,127.0593546,ArcGIS 지오코딩(주소 지점 일치)
경로당,대치아파트2단지,서울특별시 강남구,1,강남구 개포로 109길 9,37.4934986,127.0758773,ArcGIS 지오코딩(주소 지점 일치)
경로당,대치포스코더샵,서울특별시 강남구,1,강남구 삼성로 417,37.5041596,127.0576928,ArcGIS 지오코딩(주소 지점 일치)
경로당,대치현대아파트,서울특별시 강남구,1,강남구 삼성로 64길 5,37.5012703,127.0600866,ArcGIS 지오코딩(주소 지점 일치)
경로당,도곡1동,서울특별시 강남구,1,"강남구 남부순환로351길 22-12, B101,103,104호",37.486385,127.0347262,ArcGIS 지오코딩(주소 지점 일치)
경로당,도곡렉슬경로당,서울특별시 강남구,1,"강남구 선릉로 221, 210동 1002호",37.4941959,127.0533227,ArcGIS 지오코딩(주소 지점 일치)
경로당,도곡쌍용예가아파트,서울특별시 강남구,1,"강남구 남부순환로363길 30, 102동 지하",37.4880397,127.0381106,ArcGIS 지오코딩(주소 지점 일치)
경로당,도곡우성아파트,서울특별시 강남구,1,강남구 남부순환로363길 49,37.4882491,127.0373691,ArcGIS 지오코딩(주소 지점 일치)
경로당,독구리,서울특별시 강남구,1,강남구 남부순환로379길 14,37.4878307,127.0464121,ArcGIS 지오코딩(주소 지점 일치)
경로당,동부센트레빌아파트,서울특별시 강남구,1,강남구 선릉로 206,37.4914644,127.0556417,ArcGIS 지오코딩(주소 지점 일치)
경로당,동현,서울특별시 강남구,1,강남구 언주로 146길 18,37.5186431,127.0368585,ArcGIS 지오코딩(주소 지점 일치)
경로당,동호,서울특별시 강남구,1,강남구 압구정로29길 57,37.5302613,127.0268971,ArcGIS 지오코딩(주소 지점 일치)
경로당,디에이치아너힐즈 노블라운지,서울특별시 강남구,1,강남구 삼성로 11,37.4827107,127.068562,ArcGIS 지오코딩(주소 지점 일치)
경로당,"디퍼아2 경로당, 디퍼아1 경로당",서울특별시 강남구,2,강남구 개포로 310,37.4785039,127.0575778,ArcGIS 지오코딩(주소 지점 일치)
경로당,래미안 개포 루체하임 시니어클럽,서울특별시 강남구,1,강남구 개포로110길 50,37.4897169,127.0789214,ArcGIS 지오코딩(주소 지점 일치)
경로당,래미안강남힐즈아파트,서울특별시 강남구,1,강남구 자곡로 101,37.4726551,127.0958054,ArcGIS 지오코딩(주소 지점 일치)
경로당,래미안대치팰리스1단지아파트,서울특별시 강남구,1,강남구 삼성로 51길 37,37.4948217,127.0585149,ArcGIS 지오코딩(주소 지점 일치)
경로당,래미안대치팰리스2단지아파트,서울특별시 강남구,1,강남구 삼성로51길 35,37.4955638,127.0614035,ArcGIS 지오코딩(주소 지점 일치)
경로당,래미안도곡카운티,서울특별시 강남구,1,"강남구 도곡로 320, 201동 2층",37.4950481,127.0501279,ArcGIS 지오코딩(주소 지점 일치)
경로당,래미안라클래시아파트,서울특별시 강남구,1,강남구 삼성로 651,37.5178197,127.0492873,ArcGIS 지오코딩(주소 지점 일치)
경로당,래미안블레스티지,서울특별시 강남구,1,강남구 선릉로 8,37.4813524,127.0626284,ArcGIS 지오코딩(주소 지점 일치)
경로당,래미안삼성2차아파트,서울특별시 강남구,1,"강남구 선릉로130길 20, 104동",37.516552,127.042727,ArcGIS 지오코딩(주소 지점 일치)
경로당,래미안펜타빌아파트,서울특별시 강남구,1,강남구 역삼로 309,37.5009165,127.0479213,ArcGIS 지오코딩(주소 지점 일치)
경로당,래미안포레아파트,서울특별시 강남구,1,강남구 밤고개로21길 25,37.474797,127.1091635,ArcGIS 지오코딩(주소 지점 일치)
경로당,래미안하이스턴아파트,서울특별시 강남구,1,강남구 도곡로93길 12,37.5007189,127.0648839,ArcGIS 지오코딩(주소 지점 일치)
경로당,레미안 그레이튼아파트,서울특별시 강남구,1,강남구 도곡로43길 20,37.496048,127.047105,ArcGIS 지오코딩(주소 지점 일치)
경로당,롯데아파트,서울특별시 강남구,1,강남구 학동로 432,37.5178482,127.048455,ArcGIS 지오코딩(주소 지점 일치)
경로당,롯데캐슬리베아파트,서울특별시 강남구,1,강남구 도곡로 404,37.4961855,127.0535538,ArcGIS 지오코딩(주소 지점 일치)
경로당,롯데캐슬킹덤아파트,서울특별시 강남구,1,"강남구 선릉로112길 53, 지하",37.5129935,127.0478945,ArcGIS 지오코딩(주소 지점 일치)
경로당,롯데캐슬프레미어아파트,서울특별시 강남구,1,강남구 선릉로126길 22,37.51625,127.0451937,ArcGIS 지오코딩(주소 지점 일치)
경로당,매봉시니어센터 파크골프아카데미(도곡경로당),서울특별시 강남구,1,강남구 논현로26길 34,37.4833462,127.0451093,ArcGIS 지오코딩(주소 지점 일치)
경로당,목련타운아파트,서울특별시 강남구,1,강남구 광평로19길 15,37.4856343,127.0854665,ArcGIS 지오코딩(주소 지점 일치)
경로당,미도아파트,서울특별시 강남구,1,강남구 삼성로 150,37.4942281,127.0704242,ArcGIS 지오코딩(주소 지점 일치)
경로당,미성1차아파트,서울특별시 강남구,1,강남구 압구정로11길17,37.5250374,127.0191871,ArcGIS 지오코딩(주소 지점 일치)
경로당,미성2차아파트,서울특별시 강남구,1,강남구 압구정로 113,37.524371,127.0193363,ArcGIS 지오코딩(주소 지점 일치)
경로당,삼성청담공원아파트,서울특별시 강남구,1,강남구 도산대로96길 39,37.5225387,127.0501127,ArcGIS 지오코딩(주소 지점 일치)
경로당,삼성파크아파트,서울특별시 강남구,1,강남구 삼성로99길 14,37.5090948,127.0538383,ArcGIS 지오코딩(주소 지점 일치)
경로당,삼성현대아파트,서울특별시 강남구,1,"강남구 학동로64길 14, 101동",37.5167641,127.0446104,ArcGIS 지오코딩(주소 지점 일치)
경로당,상록수아파트,서울특별시 강남구,1,강남구 광평로10길 15,37.4820562,127.0816546,ArcGIS 지오코딩(주소 지점 일치)
경로당,샘터마을아파트,서울특별시 강남구,1,강남구 일원로 120,37.4838167,127.0834335,ArcGIS 지오코딩(주소 지점 일치)
경로당,서광아파트,서울특별시 강남구,1,강남구 선릉로130길 19,37.5171609,127.0427149,ArcGIS 지오코딩(주소 지점 일치)
경로당,선경아파트,서울특별시 강남구,1,강남구 삼성로 151,37.4930847,127.0608085,ArcGIS 지오코딩(주소 지점 일치)
경로당,선정,서울특별시 강남구,1,"강남구 봉은사로 52길 7, 301호, 302호",37.5094558,127.043287,ArcGIS 지오코딩(주소 지점 일치)
경로당,세곡LH푸르지오아파트,서울특별시 강남구,1,강남구 자곡로 21,37.4666965,127.0939636,ArcGIS 지오코딩(주소 지점 일치)
경로당,세곡리엔파크3단지아파트,서울특별시 강남구,1,강남구 헌릉로590길 11,37.464404,127.1038274,ArcGIS 지오코딩(주소 지점 일치)
경로당,세심,서울특별시 강남구,1,강남구 논현로115길 35-1,37.5079603,127.0303213,ArcGIS 지오코딩(주소 지점 일치)
경로당,센트럴아이파크아파트,서울특별시 강남구,1,강남구 삼성로 629,37.5152806,127.0514922,ArcGIS 지오코딩(주소 지점 일치)
경로당,수서1단지아파트,서울특별시 강남구,1,"강남구 양재대로55길 12, 117동 앞",37.4924278,127.0889559,ArcGIS 지오코딩(주소 지점 일치)
경로당,수서4단지아파트,서울특별시 강남구,1,강남구 광평로51길 27,37.4885279,127.1018486,ArcGIS 지오코딩(주소 지점 일치)
경로당,수서7단지아파트,서울특별시 강남구,1,강남구 광평로47길 17,37.4872638,127.0995706,ArcGIS 지오코딩(주소 지점 일치)
경로당,수서8단지아파트,서울특별시 강남구,1,강남구 광평로39길 3,37.4857024,127.0975283,ArcGIS 지오코딩(주소 지점 일치)
경로당,수서삼성아파트,서울특별시 강남구,1,강남구 광평로31길 27,37.4845675,127.0907803,ArcGIS 지오코딩(주소 지점 일치)
경로당,신동아파밀리에1단지,서울특별시 강남구,1,강남구 헌릉로590길100,37.4635293,127.1010245,ArcGIS 지오코딩(주소 지점 일치)
경로당,신동아파밀리에2단지,서울특별시 강남구,1,강남구 헌릉로590길 10,37.464505,127.1026804,ArcGIS 지오코딩(주소 지점 일치)
경로당,신현대아파트,서울특별시 강남구,1,강남구 압구정로 151,37.5269806,127.0253166,ArcGIS 지오코딩(주소 지점 일치)
경로당,쌍용제1차아파트,서울특별시 강남구,1,강남구 영동대로 210,37.4976424,127.0700208,ArcGIS 지오코딩(주소 지점 일치)
경로당,쌍용제2차아파트,서울특별시 강남구,1,강남구 영동대로 220,37.4998369,127.0699883,ArcGIS 지오코딩(주소 지점 일치)
경로당,아카데미스위트,서울특별시 강남구,1,강남구 언주로30길 21,37.4888657,127.0520146,ArcGIS 지오코딩(주소 지점 일치)
경로당,아크로힐스논현아파트,서울특별시 강남구,1,강남구 언주로 604,37.5095303,127.0384213,ArcGIS 지오코딩(주소 지점 일치)
경로당,압구정1동,서울특별시 강남구,1,강남구 언주로157길 8,37.5239623,127.0322639,ArcGIS 지오코딩(주소 지점 일치)
경로당,어울림,서울특별시 강남구,1,강남구 도곡로7길 22,37.4918097,127.0348175,ArcGIS 지오코딩(주소 지점 일치)
경로당,역말,서울특별시 강남구,1,강남구 논현로58길 33,37.492769,127.0438986,ArcGIS 지오코딩(주소 지점 일치)
경로당,역삼,서울특별시 강남구,1,강남구 역삼로18길 22,37.493424,127.0365544,ArcGIS 지오코딩(주소 지점 일치)
경로당,역삼2차아이파크아파트,서울특별시 강남구,1,강남구 도곡로57길 12,37.4966123,127.051668,ArcGIS 지오코딩(주소 지점 일치)
경로당,역삼e편한 세상아파트,서울특별시 강남구,1,강남구 선릉로 69길 20,37.4995059,127.050975,ArcGIS 지오코딩(주소 지점 일치)
경로당,역삼개나리래미안아파트,서울특별시 강남구,1,강남구 역삼로 306,37.4992355,127.0474795,ArcGIS 지오코딩(주소 지점 일치)
경로당,역삼래미안아파트,서울특별시 강남구,1,강남구 선릉로69길 19,37.4972272,127.0507263,ArcGIS 지오코딩(주소 지점 일치)
경로당,역삼럭키아파트,서울특별시 강남구,1,강남구 논현로 213,37.4914141,127.0409973,ArcGIS 지오코딩(주소 지점 일치)
경로당,역삼복지경로당,서울특별시 강남구,1,강남구 언주로70길 18,,,
경로당,역삼자이아파트 경로당,서울특별시 강남구,1,"강남구 언주로 420, 101동",37.501457,127.0442396,ArcGIS 지오코딩(주소 지점 일치)
경로당,역삼제3,서울특별시 강남구,1,강남구 논현로79길 24,37.4975937,127.0362687,ArcGIS 지오코딩(주소 지점 일치)
경로당,역삼중앙,서울특별시 강남구,1,강남구 도곡로21길 7,37.4925966,127.038878,ArcGIS 지오코딩(주소 지점 일치)
경로당,역삼푸르지오아파트,서울특별시 강남구,1,강남구 언주로 332,37.4973648,127.0456361,ArcGIS 지오코딩(주소 지점 일치)
경로당,영동,서울특별시 강남구,1,강남구 언주로116길 27,37.5116682,127.0387771,ArcGIS 지오코딩(주소 지점 일치)
경로당,우성1차아파트,서울특별시 강남구,1,강남구 영동대로 230,37.4997916,127.0696064,ArcGIS 지오코딩(주소 지점 일치)
경로당,우성3차아파트,서울특별시 강남구,1,강남구 개포로 307,37.4838625,127.0569774,ArcGIS 지오코딩(주소 지점 일치)
경로당,우성6차아파트,서울특별시 강남구,1,강남구 언주로 3,37.4767922,127.0559259,ArcGIS 지오코딩(주소 지점 일치)
경로당,우성7차아파트,서울특별시 강남구,1,강남구 개포로110길 15,37.4920672,127.0773289,ArcGIS 지오코딩(주소 지점 일치)
경로당,우성아파트,서울특별시 강남구,1,강남구 선릉로 120,37.4923512,127.0596327,ArcGIS 지오코딩(주소 지점 일치)
경로당,이화,서울특별시 강남구,1,강남구 개포로 409-1,37.4882149,127.0594681,ArcGIS 지오코딩(주소 지점 일치)
경로당,자곡(못골),서울특별시 강남구,1,강남구 자곡로7길 12-2,37.4735794,127.0996498,ArcGIS 지오코딩(주소 지점 일치)
경로당,재너머,서울특별시 강남구,1,강남구 삼성로147길 64,37.5206309,127.0445294,OSM Nominatim(도로명+번호 일치)
경로당,주공5단지아파트,서울특별시 강남구,1,강남구 삼성로4길 17,37.4873484,127.0690465,ArcGIS 지오코딩(주소 지점 일치)
경로당,진흥아파트,서울특별시 강남구,1,강남구 학동로 87길 9,37.520032,127.0522438,ArcGIS 지오코딩(주소 지점 일치)
경로당,청담,서울특별시 강남구,1,강남구 도산대로67길 15,37.5251753,127.0442555,ArcGIS 지오코딩(주소 지점 일치)
경로당,청담래미안로이뷰아파트,서울특별시 강남구,1,강남구 영동대로142길 16,37.5244511,127.0561817,ArcGIS 지오코딩(주소 지점 일치)
경로당,청담삼성1차아파트,서울특별시 강남구,1,강남구 삼성로133길 20,37.5194542,127.0478329,ArcGIS 지오코딩(주소 지점 일치)
경로당,청담삼성진흥아파트,서울특별시 강남구,1,강남구 학동로88길5,37.518995,127.0528406,ArcGIS 지오코딩(주소 지점 일치)
경로당,청담유로카운티아파트,서울특별시 강남구,1,강남구 도산대로92길 10,37.5236832,127.0497657,ArcGIS 지오코딩(주소 지점 일치)
경로당,청담자이아파트,서울특별시 강남구,1,강남구 영동대로138길12,37.5234766,127.057075,ArcGIS 지오코딩(주소 지점 일치)
경로당,청담현대3차아파트,서울특별시 강남구,1,강남구 도산대로101길 29,37.526891,127.0523676,ArcGIS 지오코딩(주소 지점 일치)
경로당,청솔빌리지,서울특별시 강남구,1,강남구 광평로10길 50,37.4810628,127.0832524,ArcGIS 지오코딩(주소 지점 일치)
경로당,청수,서울특별시 강남구,1,강남구 도산대로85길 43,37.5274392,127.0496732,ArcGIS 지오코딩(주소 지점 일치)
경로당,타워팰리스2차아파트,서울특별시 강남구,1,강남구 언주로30길 57,37.4894573,127.0539647,ArcGIS 지오코딩(주소 지점 일치)
경로당,테헤란,서울특별시 강남구,1,강남구 언주로97길 27-4,37.5046038,127.0390362,ArcGIS 지오코딩(주소 지점 일치)
경로당,포이,서울특별시 강남구,1,강남구 개포로20길 48,37.4760296,127.0492691,ArcGIS 지오코딩(주소 지점 일치)
경로당,푸른마을아파트,서울특별시 강남구,1,강남구 일원로 14길 25,37.4842977,127.0803837,ArcGIS 지오코딩(주소 지점 일치)
경로당,풍림아파트,서울특별시 강남구,1,강남구 영동대로112길 15,37.5154885,127.0619503,ArcGIS 지오코딩(주소 지점 일치)
경로당,학수정,서울특별시 강남구,1,강남구 도산대로17길 45,37.5213856,127.0235323,ArcGIS 지오코딩(주소 지점 일치)
경로당,한마음,서울특별시 강남구,1,강남구 논현로136길 5-8,37.5164212,127.0304473,ArcGIS 지오코딩(주소 지점 일치)
경로당,한솔마을 시니어클럽,서울특별시 강남구,1,"강남구 광평로10길 6,102동",37.4824169,127.0796505,ArcGIS 지오코딩(주소 지점 일치)
경로당,한솔아파트,서울특별시 강남구,1,강남구 학동로64길 7,37.5169206,127.0457565,ArcGIS 지오코딩(주소 지점 일치)
경로당,한신아파트,서울특별시 강남구,1,강남구 개포로 110길 43,37.4910227,127.0797724,ArcGIS 지오코딩(주소 지점 일치)
경로당,한신아파트,서울특별시 강남구,1,"강남구 논현로 205, 3동 뒤",37.487767,127.0400991,ArcGIS 지오코딩(주소 지점 일치)
경로당,한신휴플러스6단지아파트,서울특별시 강남구,1,강남구 밤고개로26길50,37.4675563,127.1061688,ArcGIS 지오코딩(주소 지점 일치)
경로당,한신휴플러스8단지아파트,서울특별시 강남구,1,강남구 밤고개로27길20,37.470801,127.1094117,ArcGIS 지오코딩(주소 지점 일치)
경로당,한아름아파트,서울특별시 강남구,1,강남구 광평로51길 22,37.4892169,127.1040109,ArcGIS 지오코딩(주소 지점 일치)
경로당,한양수자인아파트,서울특별시 강남구,1,강남구 자곡로 260,37.4740216,127.1131778,ArcGIS 지오코딩(주소 지점 일치)
경로당,한양아파트,서울특별시 강남구,1,강남구 압구정로 313,37.5299287,127.0371273,ArcGIS 지오코딩(주소 지점 일치)
경로당,한티,서울특별시 강남구,1,강남구 선릉로76길 11,37.5016703,127.051545,ArcGIS 지오코딩(주소 지점 일치)
경로당,현대2차아파트,서울특별시 강남구,1,강남구 언주로 107,37.4831026,127.0522117,ArcGIS 지오코딩(주소 지점 일치)
경로당,현대그린아파트 경로당,서울특별시 강남구,1,강남구 논현로51길 25,37.4890475,127.0395334,ArcGIS 지오코딩(주소 지점 일치)
경로당,효성해링턴 시니어클럽,서울특별시 강남구,1,강남구 자곡로 36,37.4679976,127.0953899,ArcGIS 지오코딩(주소 지점 일치)
경로당,힐스테이트1단지아파트,서울특별시 강남구,1,"강남구 학동로68길 29, 107동 뒤 2층",37.5166876,127.0494709,ArcGIS 지오코딩(주소 지점 일치)
경로당,힐스테이트2단지아파트,서울특별시 강남구,1,"강남구 삼성로111길 8, 304동",37.5138531,127.0507074,ArcGIS 지오코딩(주소 지점 일치)
도서관(작은도서관),논현정보도서관,서울특별시 강남구,1,서울특별시 강남구 학동로 169 (논현1파출소 3층),37.5138651,127.0293218,전국도서관표준데이터
도서관(작은도서관),역삼2동작은도서관,서울특별시 강남구,1,서울특별시 강남구 언주로 314(강남프라자 2층)역삼동 761-18,37.4958918,127.0464763,전국도서관표준데이터
경로당,개포래미안포레스트아파트,서울특별시 강남구 120동,1,"강남구 개포로 264(120동, 126동 앞)",37.4780565,127.0558419,ArcGIS 지오코딩(주소 지점 일치)
도서관(작은도서관),수서동 작은도서관,서울특별시 강남구 수서동주민센터,1,서울특별시 강남구 광평로 301-4(수서동주민센터 2층),37.4889031,127.1049911,전국도서관표준데이터
도서관(작은도서관),일원1동 작은도서관,서울특별시 강남구 일원1동주민센터,1,서울특별시 강남구 양재대로55길 14(일원1동주민센터 1층),37.4918547,127.0880264,전국도서관표준데이터
도서관(어린이도서관),못골한옥어린이도서관,서울특별시 강남구 자곡동,1,서울특별시 강남구 자곡로7길 3 (자곡동 607),37.4733061,127.0997279,전국도서관표준데이터
경로당,강일리버파크8단지,서울특별시 강동구 강일동,1,"강동구 아리수로94길 72(강일동, 강일리버파크8단지아파트)",37.5608961,127.1760439,ArcGIS 지오코딩(주소 지점 일치)
보건소,강일보건지소,서울특별시 강동구 강일동,1,"서울특별시 강동구 아리수로93길 9-14 (강일동, 강일동복합청사) 1층, 2층",37.5650411,127.1739073,ArcGIS 지오코딩(주소 지점 일치)
경로당,길동삼익파크A(1),서울특별시 강동구 길동,1,"강동구 명일로 286(길동, 삼익파크아파트)",37.54435,127.1485128,ArcGIS 지오코딩(주소 지점 일치)
경로당,길동우성A,서울특별시 강동구 길동,1,"강동구 천호대로193길 37(길동, 길동우성아파트)",37.5378742,127.1435408,ArcGIS 지오코딩(주소 지점 일치)
경로당,달님,서울특별시 강동구 길동,1,강동구 양재대로112길 52(길동),37.5362104,127.1425676,ArcGIS 지오코딩(주소 지점 일치)
경로당,한빛(구 골드빌),서울특별시 강동구 길동,1,"강동구 성안로 176(길동, 길동골드빌1차아파트)",37.5385076,127.1363642,ArcGIS 지오코딩(주소 지점 일치)
경로당,둔촌프라자A,서울특별시 강동구 둔촌동,1,"강동구 천호대로 1240(둔촌동, 프라자아파트)",37.5354032,127.1480672,ArcGIS 지오코딩(주소 지점 일치)
경로당,명일1동,서울특별시 강동구 명일동,1,강동구 양재대로138길 29(명일동),,,
경로당,명일2동현대A,서울특별시 강동구 명일동,1,"강동구 동남로71길 41(명일동, 현대아파트)",37.549571,127.1528144,ArcGIS 지오코딩(주소 지점 일치)
경로당,명일우성A,서울특별시 강동구 명일동,1,"강동구 고덕로62길 76(명일동, 명일우성아파트)",37.5514108,127.1519506,ArcGIS 지오코딩(주소 지점 일치)
경로당,명일한양A,서울특별시 강동구 명일동,1,"강동구 동남로71길 19(명일동, 한양아파트)",37.5501675,127.1554081,ArcGIS 지오코딩(주소 지점 일치)
경로당,삼익가든A,서울특별시 강동구 명일동,1,"강동구 상암로 224(명일동, 삼익가든아파트)",37.5460301,127.1474939,ArcGIS 지오코딩(주소 지점 일치)
경로당,고덕어반브릿지,서울특별시 강동구 상일동,1,"강동구 고덕로98길 75(상일동, e편한세상 고덕어반브릿지)",37.5563869,127.1808679,ArcGIS 지오코딩(주소 지점 일치)
경로당,삼성빌라,서울특별시 강동구 상일동,1,"강동구 상암로 325(상일동, 삼성빌라)",37.5460224,127.1575449,ArcGIS 지오코딩(주소 지점 일치)
경로당,상일동아A,서울특별시 강동구 상일동,1,강동구 상암로81길7(상일동),37.5466435,127.16742,ArcGIS 지오코딩(주소 지점 일치)
경로당,둔촌역청구,서울특별시 강동구 성내동,1,"강동구 풍성로 194(성내동, 둔촌역청구아파트)",37.5296011,127.1333609,ArcGIS 지오코딩(주소 지점 일치)
경로당,성내삼성A,서울특별시 강동구 성내동,1,"강동구 풍성로 128(성내동, 삼성2단지아파트)",37.5312581,127.1262815,ArcGIS 지오코딩(주소 지점 일치)
경로당,성내삼성A목련,서울특별시 강동구 성내동,1,"강동구 풍성로 127(성내동, 삼성1단지아파트)",37.5318918,127.1270959,ArcGIS 지오코딩(주소 지점 일치)
경로당,성내현대A,서울특별시 강동구 성내동,1,"강동구 천호옛12길27(성내동, 현대아파트)",37.535515,127.1270312,ArcGIS 지오코딩(주소 지점 일치)
경로당,성안마을청구A,서울특별시 강동구 성내동,1,"강동구 풍성로 116(성내동, 성안마을청구아파트)",37.531889,127.1249612,ArcGIS 지오코딩(주소 지점 일치)
경로당,웃말,서울특별시 강동구 성내동,1,강동구 천호대로162길 72(성내동),,,
보건소,강동구보건소,서울특별시 강동구 성내동,1,"서울특별시 강동구 성내로 45 (성내동, 강동구보건소) .",37.5292646,127.1255831,ArcGIS 지오코딩(주소 지점 일치)
경로당,한강현대,서울특별시 강동구 암사동,1,"강동구 올림픽로104길 42(암사동, 한강현대아파트)",37.5551398,127.1319645,ArcGIS 지오코딩(주소 지점 일치)
경로당,천호3동(여),서울특별시 강동구 천호동,1,강동구 진황도로33길 11 (천호동) S.I팰리스 1층,37.537802,127.13411,ArcGIS 지오코딩(주소 지점 일치)
경로당,천호우성A,서울특별시 강동구 천호동,1,"강동구 구천면로 366(천호동, 천호우성아파트)",37.549306,127.1388324,ArcGIS 지오코딩(주소 지점 일치)
보건소,천호보건지소,서울특별시 강동구 천호동,1,"서울특별시 강동구 구천면로 297-5 (천호동, 이연아마빌레) 1층, 2층",37.5468465,127.1337755,ArcGIS 지오코딩(주소 지점 일치)
경로당,"SK북한산시티아파트제2경로당, SK북한산시티아파트제1경로당",서울특별시 강북구 미아동,2,"서울특별시 강북구 솔샘로 174 (미아동, 에스케이북한산시티아파트)",37.6182026,127.0108351,ArcGIS 지오코딩(주소 지점 일치)
경로당,경남아파트경로당,서울특별시 강북구 미아동,1,"서울특별시 강북구 삼양로74길 8 (미아동, 경남아너스빌)",37.6291409,127.0183516,ArcGIS 지오코딩(주소 지점 일치)
경로당,꿈의숲한신더휴아파트경로당,서울특별시 강북구 미아동,1,서울특별시 강북구 오패산로 202(미아동),37.6196488,127.0330752,ArcGIS 지오코딩(주소 지점 일치)
경로당,래미안미아1차아파트경로당,서울특별시 강북구 미아동,1,"서울특별시 강북구 삼양로 256 (미아동, 삼성래미안)",37.6258041,127.0196235,ArcGIS 지오코딩(주소 지점 일치)
경로당,래미안트리베라2차아파트경로당,서울특별시 강북구 미아동,1,"서울특별시 강북구 삼양로27길 19 (미아동, 삼성 래미안 트리베라 2차)",37.6175682,127.021328,ArcGIS 지오코딩(주소 지점 일치)
경로당,미아동부센트레빌아파트경로당,서울특별시 강북구 미아동,1,"서울특별시 강북구 숭인로7가길 37 (미아동, 미아 동부센트레빌)",37.6133903,127.025698,ArcGIS 지오코딩(주소 지점 일치)
경로당,미아두산위브트레지움아파트경로당,서울특별시 강북구 미아동,1,"서울특별시 강북구 삼양로27길 80 (미아동, 두산위브트레지움)",37.619114,127.0171835,ArcGIS 지오코딩(주소 지점 일치)
경로당,미아요진아파트경로당,서울특별시 강북구 미아동,1,"서울특별시 강북구 도봉로76길 52 (미아동, 미아요진아파트)",37.6332024,127.027141,ArcGIS 지오코딩(주소 지점 일치)
경로당,미아현대아파트경로당,서울특별시 강북구 미아동,1,"서울특별시 강북구 도봉로68길 26(미아동, 미아현대아파트)",37.6309899,127.0261286,ArcGIS 지오코딩(주소 지점 일치)
경로당,성우아파트경로당,서울특별시 강북구 미아동,1,"서울특별시 강북구 삼양로24길 19 (미아동, 현대성우아파트)",37.6174497,127.0219965,ArcGIS 지오코딩(주소 지점 일치)
경로당,솔샘길경로당,서울특별시 강북구 미아동,1,서울특별시 강북구 솔샘로 277-1 (미아동),,,
경로당,"솔샘아파트경로당, 미아벽산아파트경로당",서울특별시 강북구 미아동,2,"서울특별시 강북구 솔샘로 159 (미아동, 벽산라이브파크)",37.62131,127.0109035,ArcGIS 지오코딩(주소 지점 일치)
경로당,송천센트레빌아파트경로당,서울특별시 강북구 미아동,1,"서울특별시 강북구 숭인로 39 (미아동, 송천센트레빌)",37.6127622,127.0268612,ArcGIS 지오코딩(주소 지점 일치)
경로당,신일해피트리아파트경로당,서울특별시 강북구 미아동,1,"서울특별시 강북구 오패산로 60길 22 (미아동, 신일해피트리아파트)",37.6259384,127.0311038,ArcGIS 지오코딩(주소 지점 일치)
도서관(공공도서관),솔샘문화정보도서관,서울특별시 강북구 미아동,1,서울특별시 강북구 솔샘로 177 (미아동),37.6204759,127.012452,전국도서관표준데이터
도서관(공공도서관),송중문화정보도서관,서울특별시 강북구 미아동,1,서울특별시 강북구 도봉로20나길 6 (미아동),37.618342,127.0299392,전국도서관표준데이터
보건소,삼각산보건지소,서울특별시 강북구 미아동,1,"서울특별시 강북구 삼양로19길 154 (미아동, 강북구민 건강관리센터), 강북구 보건소 삼각산 분소 삼각산보건지소",37.6170465,127.0156398,ArcGIS 지오코딩(주소 지점 일치)
경로당,금호어울림아파트경로당,서울특별시 강북구 번동,1,"서울특별시 강북구 오현로31길 85-7 (번동, 금호아파트)",37.6306779,127.0357325,ArcGIS 지오코딩(주소 지점 일치)
경로당,기산그린아파트경로당,서울특별시 강북구 번동,1,"서울특별시 강북구 월계로37길 137 (번동, 기산그린아파트)",37.6277193,127.0433522,ArcGIS 지오코딩(주소 지점 일치)
경로당,동문아파트경로당,서울특별시 강북구 번동,1,"서울특별시 강북구 오현로 128 (번동, 번동동문아파트)",37.6239009,127.0378601,ArcGIS 지오코딩(주소 지점 일치)
경로당,번동솔그린아파트경로당,서울특별시 강북구 번동,1,"서울특별시 강북구 한천로109길 83 (번동, 번동솔그린아파트)",37.62669,127.0393811,ArcGIS 지오코딩(주소 지점 일치)
경로당,번동주공4단지아파트경로당,서울특별시 강북구 번동,1,"서울특별시 강북구 오현로 207 (번동, 번동4단지주공아파트)",37.6306841,127.0406603,ArcGIS 지오코딩(주소 지점 일치)
경로당,신원아파트경로당,서울특별시 강북구 번동,1,"서울특별시 강북구 월계로37길 87-9 (번동, 신원아파트)",37.6259063,127.0437416,ArcGIS 지오코딩(주소 지점 일치)
경로당,오동공원현대홈타운아파트경로당,서울특별시 강북구 번동,1,"서울특별시 강북구 오현로31길 89 (번동, 오동공원 현대홈타운)",37.6312045,127.0351597,ArcGIS 지오코딩(주소 지점 일치)
경로당,오현아파트경로당,서울특별시 강북구 번동,1,"서울특별시 강북구 한천로105길 23 (번동, 번동1단지주공아파트)",37.6245323,127.0465984,ArcGIS 지오코딩(주소 지점 일치)
경로당,한솔솔파크아파트경로당,서울특별시 강북구 번동,1,"서울특별시 강북구 오현로 180 (번동, 한솔솔파크아파트)",37.6270422,127.0392496,ArcGIS 지오코딩(주소 지점 일치)
경로당,한양아파트경로당,서울특별시 강북구 번동,1,"서울특별시 강북구 한천로109길 69 (번동, 한양아파트)",37.6262613,127.0416836,ArcGIS 지오코딩(주소 지점 일치)
경로당,한진아파트경로당,서울특별시 강북구 번동,1,"서울특별시 강북구 월계로37길 61 (번동, 번동한진아파트)",37.6248091,127.0449183,ArcGIS 지오코딩(주소 지점 일치)
경로당,해모로아파트경로당,서울특별시 강북구 번동,1,"서울특별시 강북구 오현로 156 (번동, 해모로아파트)",37.6264229,127.037794,ArcGIS 지오코딩(주소 지점 일치)
경로당,6.25참전용사경로당,서울특별시 강북구 수유동,1,"서울특별시 강북구 노해로 115 (수유동, 대한민국 재향군인회 건물 옥상)",37.6455401,127.0240171,ArcGIS 지오코딩(주소 지점 일치)
경로당,가오경로당,서울특별시 강북구 수유동,1,서울특별시 강북구 삼양로111길 56 (수유동),37.6419715,127.0134325,ArcGIS 지오코딩(주소 지점 일치)
경로당,벽산201아파트경로당,서울특별시 강북구 수유동,1,"서울특별시 강북구 삼양로 116길 20 (수유동, 수유 벽산201 아파트)",37.6434678,127.0173543,ArcGIS 지오코딩(주소 지점 일치)
경로당,벽산아파트경로당,서울특별시 강북구 수유동,1,"서울특별시 강북구 삼각산로 143-1 (수유동, 수유벽산아파트)",37.6417889,127.0206343,ArcGIS 지오코딩(주소 지점 일치)
경로당,"수유삼성아파트경로당, 삼성장수아파트경로당",서울특별시 강북구 수유동,2,"서울특별시 강북구 한천로159길 8 (수유동, 래미안수유아파트 106동 옆)",37.6443897,127.0186721,ArcGIS 지오코딩(주소 지점 일치)
보건소,수유보건지소,서울특별시 강북구 수유동,1,"서울특별시 강북구 삼양로 335-1 (수유동, 수유보건지소) 수유보건지소",37.6334245,127.0171699,ArcGIS 지오코딩(주소 지점 일치)
경로당,우이성원아파트경로당,서울특별시 강북구 우이동,1,"서울특별시 강북구 삼양로 658 (우이동, 성원아파트)",37.6624091,127.0137313,ArcGIS 지오코딩(주소 지점 일치)
경로당,가양6단지(아),서울특별시 강서구,1,강서구 허준로 175,37.5630986,126.8599145,ArcGIS 지오코딩(주소 지점 일치)
경로당,가양8단지(아),서울특별시 강서구,1,강서구 허준로 176,37.5621274,126.856969,ArcGIS 지오코딩(주소 지점 일치)
경로당,가양9-1단지(아),서울특별시 강서구,1,강서구 허준로 224,37.5604973,126.8611299,ArcGIS 지오코딩(주소 지점 일치)
경로당,가양9-2단지(청송)(아),서울특별시 강서구,1,강서구 허준로 234,37.5588525,126.8646284,ArcGIS 지오코딩(주소 지점 일치)
경로당,가양보람(아),서울특별시 강서구,1,강서구 양천로53길 66,37.5673237,126.8485805,ArcGIS 지오코딩(주소 지점 일치)
경로당,가양중앙하이츠(아),서울특별시 강서구,1,강서구 허준로 55-20,37.5695275,126.8495907,ArcGIS 지오코딩(주소 지점 일치)
경로당,강나루현대(아),서울특별시 강서구,1,강서구 양천로 507,37.5613413,126.8562175,ArcGIS 지오코딩(주소 지점 일치)
경로당,강나루현대2차(아),서울특별시 강서구,1,강서구 양천로 497,37.5614279,126.8560864,ArcGIS 지오코딩(주소 지점 일치)
경로당,강변(3-2단지)(아),서울특별시 강서구,1,강서구 허준로 139,37.5649873,126.8557809,ArcGIS 지오코딩(주소 지점 일치)
경로당,개화,서울특별시 강서구,1,강서구 개화동로5길 3-66,37.5830686,126.7987818,ArcGIS 지오코딩(주소 지점 일치)
경로당,개화산경남아너스빌(아),서울특별시 강서구,1,강서구 양천로14가길 23,37.5716975,126.8090434,ArcGIS 지오코딩(주소 지점 일치)
경로당,개화산동부센트레빌(아),서울특별시 강서구,1,강서구 양천로3길 17,37.5732819,126.8058333,ArcGIS 지오코딩(주소 지점 일치)
경로당,극동상록수(아),서울특별시 강서구,1,강서구 공항대로71길 31,37.5489837,126.8726783,ArcGIS 지오코딩(주소 지점 일치)
경로당,까치산,서울특별시 강서구,1,강서구 가로공원로82길 44,37.5354708,126.8404119,ArcGIS 지오코딩(주소 지점 일치)
경로당,내발산,서울특별시 강서구,1,강서구 우장산로 24-7,,,
경로당,대림(아),서울특별시 강서구,1,강서구 공항대로39길 100,37.5620919,126.8452554,ArcGIS 지오코딩(주소 지점 일치)
경로당,대림(아),서울특별시 강서구,1,강서구 공항대로75길 42,37.5484625,126.875373,ArcGIS 지오코딩(주소 지점 일치)
경로당,대한항공정우회,서울특별시 강서구,1,강서구 양천로24길 108,37.5685072,126.8151475,ArcGIS 지오코딩(주소 지점 일치)
경로당,동아3차(아),서울특별시 강서구,1,강서구 양천로 731,37.5497875,126.8780881,ArcGIS 지오코딩(주소 지점 일치)
경로당,동일스위트리버(아),서울특별시 강서구,1,강서구 금낭화로24가길 28,37.5790051,126.8164292,ArcGIS 지오코딩(주소 지점 일치)
경로당,등촌,서울특별시 강서구,1,강서구 화곡로66길 186-12,37.5537766,126.8624096,ArcGIS 지오코딩(주소 지점 일치)
경로당,등촌10단지(아),서울특별시 강서구,1,강서구 화곡로63가길 71,37.5619497,126.8485646,ArcGIS 지오코딩(주소 지점 일치)
경로당,등촌11단지(아),서울특별시 강서구,1,강서구 공항대로43길 39,37.5590531,126.848843,ArcGIS 지오코딩(주소 지점 일치)
경로당,등촌3주공(아),서울특별시 강서구,1,강서구 강서로56나길 37,37.5621996,126.8418886,ArcGIS 지오코딩(주소 지점 일치)
경로당,마곡금호어울림아파트,서울특별시 강서구,1,강서구 양천로47길 94,37.5744418,126.8372073,ArcGIS 지오코딩(주소 지점 일치)
경로당,마곡수명산파크1단지(아),서울특별시 강서구,1,강서구 강서로47길 108,37.5550674,126.8296051,ArcGIS 지오코딩(주소 지점 일치)
경로당,마곡신안(아),서울특별시 강서구,1,강서구 양천로30길 123-9,37.5683238,126.8239603,ArcGIS 지오코딩(주소 지점 일치)
경로당,마곡엠밸리10단지(아),서울특별시 강서구,1,강서구 마곡중앙1로 72,37.5601025,126.8188555,ArcGIS 지오코딩(주소 지점 일치)
경로당,마곡엠밸리11단지(아),서울특별시 강서구,1,강서구 공항대로 124,37.5591475,126.8213391,ArcGIS 지오코딩(주소 지점 일치)
경로당,마곡엠밸리12단지(아),서울특별시 강서구,1,강서구 공항대로140,37.5591517,126.8231937,ArcGIS 지오코딩(주소 지점 일치)
경로당,마곡엠밸리5단지(아),서울특별시 강서구,1,강서구 마곡서1로 111-11,37.5652527,126.8168806,ArcGIS 지오코딩(주소 지점 일치)
경로당,마곡엠밸리6단지(아),서울특별시 강서구,1,강서구 마곡서1로 100,37.564355,126.8220972,ArcGIS 지오코딩(주소 지점 일치)
경로당,마곡엠밸리7단지(아),서울특별시 강서구,1,강서구 마곡서로133,37.5651354,126.82236,ArcGIS 지오코딩(주소 지점 일치)
경로당,마곡청구(아) 舊 푸르뫼(아),서울특별시 강서구,1,강서구 양천로26길 103,37.5730757,126.8206629,ArcGIS 지오코딩(주소 지점 일치)
경로당,마곡현대2차(아),서울특별시 강서구,1,강서구 양천로 140,37.5731307,126.8193564,ArcGIS 지오코딩(주소 지점 일치)
경로당,마곡힐스테이트,서울특별시 강서구,1,강서구 마곡중앙3로 74,37.5633845,126.8184881,ArcGIS 지오코딩(주소 지점 일치)
경로당,마곡힐스테이트13단지(아),서울특별시 강서구,1,강서구 마곡중앙1로 71,37.5578085,126.8166711,ArcGIS 지오코딩(주소 지점 일치)
경로당,미성(아),서울특별시 강서구,1,강서구 초록마을로 176,37.5359722,126.8447648,ArcGIS 지오코딩(주소 지점 일치)
경로당,방화동부센트레빌(아),서울특별시 강서구,1,강서구 방화대로 45길 32,37.5748876,126.8159381,ArcGIS 지오코딩(주소 지점 일치)
경로당,방화한진로즈힐(아),서울특별시 강서구,1,강서구 양천로24가길 59,37.5710038,126.8132928,ArcGIS 지오코딩(주소 지점 일치)
경로당,빛고을우방(아),서울특별시 강서구,1,강서구 양천로 521,37.5599785,126.857599,ArcGIS 지오코딩(주소 지점 일치)
경로당,산우물,서울특별시 강서구,1,강서구 방화대로21가길 18,37.5637246,126.8146751,ArcGIS 지오코딩(주소 지점 일치)
경로당,삼성한사랑 (아),서울특별시 강서구,1,강서구 양천로66길 6,37.5547589,126.8653495,ArcGIS 지오코딩(주소 지점 일치)
경로당,상사,서울특별시 강서구,1,강서구 개화길 52,37.5867869,126.8015628,ArcGIS 지오코딩(주소 지점 일치)
경로당,서광(아),서울특별시 강서구,1,강서구 양천로 27길 129,37.579619,126.8196054,ArcGIS 지오코딩(주소 지점 일치)
경로당,서광(아),서울특별시 강서구,1,강서구 공항대로45길 68-6,37.5574921,126.8563333,ArcGIS 지오코딩(주소 지점 일치)
경로당,신동아(아),서울특별시 강서구,1,강서구 방화대로37길 15,37.5699645,126.8161653,ArcGIS 지오코딩(주소 지점 일치)
경로당,신안빌라,서울특별시 강서구,1,강서구 방화대로34길 120,37.5713908,126.8226698,ArcGIS 지오코딩(주소 지점 일치)
경로당,아리수 (월드메르디앙(아)아리수),서울특별시 강서구,1,강서구 양천로71길 38,37.5529601,126.8721838,ArcGIS 지오코딩(주소 지점 일치)
경로당,염창2차한화꿈에그린(아),서울특별시 강서구,1,강서구 공항대로63길 16,37.552256,126.8666533,ArcGIS 지오코딩(주소 지점 일치)
경로당,염창강변성원(아),서울특별시 강서구,1,강서구 양천로69길 65,37.5552902,126.8722481,ArcGIS 지오코딩(주소 지점 일치)
경로당,염창극동(아),서울특별시 강서구,1,강서구 양천로69길 18,37.5524724,126.8714342,ArcGIS 지오코딩(주소 지점 일치)
경로당,염창롯데캐슬(아),서울특별시 강서구,1,강서구 공항대로65길 21,37.5511571,126.8680083,ArcGIS 지오코딩(주소 지점 일치)
경로당,염창삼성하나로(아),서울특별시 강서구,1,강서구 양천로73길 5,37.5516825,126.8713422,ArcGIS 지오코딩(주소 지점 일치)
경로당,염창우성2차(아),서울특별시 강서구,1,강서구 양천로67길 54,37.5560977,126.8692625,ArcGIS 지오코딩(주소 지점 일치)
경로당,염창우성3차(아),서울특별시 강서구,1,강서구 공항대로63길 14,37.5514141,126.867377,ArcGIS 지오코딩(주소 지점 일치)
경로당,우장산롯데3차(아),서울특별시 강서구,1,강서구 우장산로 92,37.5524944,126.8463788,ArcGIS 지오코딩(주소 지점 일치)
경로당,우장산롯데캐슬(아),서울특별시 강서구,1,강서구 공항대로 382,37.5558864,126.8486243,ArcGIS 지오코딩(주소 지점 일치)
경로당,월드메르디앙(아),서울특별시 강서구,1,강서구 양천로1길 117,37.5749685,126.810219,ArcGIS 지오코딩(주소 지점 일치)
경로당,중앙하이츠 (아),서울특별시 강서구,1,강서구 강서로 17가길 46,37.5348838,126.8439572,ArcGIS 지오코딩(주소 지점 일치)
경로당,치현,서울특별시 강서구,1,강서구 금낭화로24가길 40,37.5798402,126.8153085,ArcGIS 지오코딩(주소 지점 일치)
경로당,코오롱(아),서울특별시 강서구,1,강서구 화곡로66길 90,37.5562135,126.8579475,ArcGIS 지오코딩(주소 지점 일치)
경로당,태진한솔(아),서울특별시 강서구,1,강서구 공항대로71길 54,37.5493451,126.8733671,ArcGIS 지오코딩(주소 지점 일치)
경로당,한미(아),서울특별시 강서구,1,강서구 양천로23길 8,37.5739689,126.8162328,ArcGIS 지오코딩(주소 지점 일치)
경로당,한사랑2차삼성(아),서울특별시 강서구,1,강서구 공항대로59길 64,37.5543835,126.8635757,ArcGIS 지오코딩(주소 지점 일치)
경로당,한숲대림(아),서울특별시 강서구,1,강서구 방화대로50길 7,37.5768121,126.8174741,ArcGIS 지오코딩(주소 지점 일치)
경로당,한화꿈에그린(아),서울특별시 강서구,1,강서구 우장산로 103,37.5536345,126.8475036,ArcGIS 지오코딩(주소 지점 일치)
경로당,화곡2차보람(아),서울특별시 강서구,1,강서구 공항대로 48길 12,37.5541763,126.8550012,ArcGIS 지오코딩(주소 지점 일치)
경로당,화곡본동천주교회,서울특별시 강서구,1,강서구 까치산로2길 43,37.5393316,126.8436417,ArcGIS 지오코딩(주소 지점 일치)
경로당,화곡초록(아),서울특별시 강서구,1,강서구 강서로45다길 30-27,37.5450313,126.8336321,ArcGIS 지오코딩(주소 지점 일치)
경로당,화곡푸르지오(아),서울특별시 강서구,1,강서구 화곡로13길 107,37.5420579,126.8328776,ArcGIS 지오코딩(주소 지점 일치)
경로당,희훈리치파크(아),서울특별시 강서구,1,강서구 강서로45다길 30-17,37.5465378,126.834532,ArcGIS 지오코딩(주소 지점 일치)
경로당/도서관(작은도서관),"초록동, 초록동작은도서관",서울특별시 강서구,2,강서구 초록마을로14길 36,37.5411487,126.84851,ArcGIS 지오코딩(주소 지점 일치)
도서관(작은도서관),내발산작은도서관,서울특별시 강서구,1,"서울특별시 강서구 강서로52길 89, 내발산문화센터 5층",37.5574976,126.8431963,전국도서관표준데이터
도서관(작은도서관),봉제산책쉼터,서울특별시 강서구,1,서울특별시 강서구 초록마을로 69-9,37.5421344,126.8510719,전국도서관표준데이터
도서관(작은도서관),수명산작은도서관,서울특별시 강서구,1,"서울특별시 강서구 수명로1길 131, 내발산동공공기숙사 지하1층",37.5541175,126.8255215,전국도서관표준데이터
도서관(작은도서관),역마을작은도서관,서울특별시 강서구,1,"서울특별시 강서구 화곡로 312, 화곡6동주민센터 2층",37.5518158,126.8500753,전국도서관표준데이터
도서관(작은도서관),옹기종기작은도서관,서울특별시 강서구,1,"서울특별시 강서구 공항대로61길 50, 염창동지역정보센터 1층",37.5530251,126.8667223,전국도서관표준데이터
도서관(작은도서관),채움작은도서관,서울특별시 강서구,1,"서울특별시 강서구 개화동로23길 20, 방화2동주민센터 2층",37.5667202,126.8067388,전국도서관표준데이터
경로당,강서센트레빌4차(아),서울특별시 강서구 공항동,1,강서구 남부순환로 11(공항동),37.5610629,126.8080644,ArcGIS 지오코딩(주소 지점 일치)
보건소,방화보건지소,서울특별시 강서구 방화동,1,"서울특별시 강서구 금낭화로 162 (방화동, 방화 메이빌 아파트) 1층",37.5795791,126.8139842,ArcGIS 지오코딩(주소 지점 일치)
보건소,강서구보건소,서울특별시 강서구 염창동,1,"서울특별시 강서구 공항대로 561 (염창동, 강서보건소) 강서구보건소",37.5496484,126.8682802,ArcGIS 지오코딩(주소 지점 일치)
도서관(공공도서관),낙성대역 U-도서관,서울특별시 관악구,1,서울특별시 관악구 남부순환로 1928,37.4770652,126.96341,전국도서관표준데이터
도서관(공공도서관),당곡역 U-도서관,서울특별시 관악구,1,서울특별시 관악구 보라매로 6,37.4898906,126.9277181,전국도서관표준데이터
도서관(공공도서관),봉천역 U-도서관,서울특별시 관악구,1,서울특별시 관악구 남부순환로 1721,37.4821274,126.9420194,전국도서관표준데이터
도서관(공공도서관),서울대벤처타운역 U-도서관,서울특별시 관악구,1,서울특별시 관악구 신림로 144,37.4720872,126.9339012,전국도서관표준데이터
도서관(공공도서관),서울대입구역 U-도서관,서울특별시 관악구,1,서울특별시 관악구 남부순환로 1822,37.4811527,126.9526451,전국도서관표준데이터
도서관(공공도서관),신림역 U-도서관,서울특별시 관악구,1,서울특별시 관악구 남부순환로 1614,37.484224,126.9298033,전국도서관표준데이터
도서관(작은도서관),낙성대공원도서관,서울특별시 관악구,1,서울특별시 관악구 낙성대로 77,37.4719721,126.959371,전국도서관표준데이터
도서관(작은도서관),봉현작은도서관,서울특별시 관악구,1,서울특별시 관악구 관악로 255-7,37.4872143,126.956625,전국도서관표준데이터
도서관(작은도서관),삼성작은도서관,서울특별시 관악구,1,서울특별시 관악구 호암로 520,37.4641155,126.931802,전국도서관표준데이터
도서관(작은도서관),은천동 한울작은도서관,서울특별시 관악구,1,서울특별시 관악구 은천로9길 20,37.4870806,126.9409749,전국도서관표준데이터
도서관(작은도서관),청룡작은도서관,서울특별시 관악구,1,서울특별시 관악구 청룡9길 12-39,37.478018,126.946457,전국도서관표준데이터
경로당,관악정경로당,서울특별시 관악구 남현동,1,서울특별시 관악구 과천대로 851(남현동 산100-14),37.46741,126.9862678,ArcGIS 지오코딩(주소 지점 일치)
경로당,"봉천우성(아) 109,110동경로당",서울특별시 관악구 봉천동,1,서울특별시 관악구 관악로30길 40(봉천동 1706-1),37.4851173,126.9615854,ArcGIS 지오코딩(주소 지점 일치)
경로당,봉천우성(아)경로당,서울특별시 관악구 봉천동,1,서울특별시 관악구 관악로30길 12(봉천동 1706),37.4860876,126.958509,ArcGIS 지오코딩(주소 지점 일치)
경로당,월드경로당,서울특별시 관악구 봉천동,1,서울특별시 관악구 관악로28길 80(봉천동 1724),37.483525,126.9591454,ArcGIS 지오코딩(주소 지점 일치)
보건소,관악구보건지소,서울특별시 관악구 봉천동,1,"서울특별시 관악구 봉천로 279-7 (봉천동, 관악구보건지소) 관악구보건지소",37.4881573,126.9324783,ArcGIS 지오코딩(주소 지점 일치)
경로당,만수경로당,서울특별시 관악구 봉천동9,1,"서울특별시 관악구 청림1길 9-1, 호광연립 101호(봉천동9-5)",37.48883,126.9582049,ArcGIS 지오코딩(주소 지점 일치)
경로당,건영3차(아)경로당,서울특별시 관악구 신림동,1,서울특별시 관악구 신림로3길 40(신림동 1703-1),37.4670254,126.9425381,ArcGIS 지오코딩(주소 지점 일치)
경로당,대우신림2차푸르지오(아)경로당,서울특별시 관악구 신림동,1,"서울특별시 관악구 난곡로 66, 102동(신림동 1736)",37.4612256,126.9195197,ArcGIS 지오코딩(주소 지점 일치)
경로당,라이프(아)경로당,서울특별시 관악구 신림동,1,서울특별시 관악구 문성로 86(신림동 1700),37.4771351,126.9131591,ArcGIS 지오코딩(주소 지점 일치)
경로당,신도브래뉴(아)경로당,서울특별시 관악구 신림동,1,서울특별시 관악구 조원로16길 12(신림동 1723),37.4837,126.9106311,ArcGIS 지오코딩(주소 지점 일치)
경로당,신림9현대(아)경로당,서울특별시 관악구 신림동,1,서울특별시 관악구 대학20길 27(신림동 255-189),37.4638864,126.9368052,ArcGIS 지오코딩(주소 지점 일치)
경로당,신림쌍용(아)경로당,서울특별시 관악구 신림동,1,서울특별시 관악구 미성길 122(신림동 1686),37.4718634,126.9114237,ArcGIS 지오코딩(주소 지점 일치)
경로당,신림현대(아)경로당,서울특별시 관악구 신림동,1,"서울특별시 관악구 신림로29길 8, 104동 뒤편(신림동 1694)",37.4753021,126.9306153,ArcGIS 지오코딩(주소 지점 일치)
경로당,휴먼시아(아)1경로당,서울특별시 관악구 신림동 1735-1 107동,1,"서울특별시 관악구 난곡로 30, 107동(신림동 1735-1 107동)",37.4613486,126.9209884,ArcGIS 지오코딩(주소 지점 일치)
경로당,휴먼시아(아)제3단지경로당,서울특별시 관악구 신림동 1735-2 별동,1,"서울특별시 관악구 난곡로 63, 별동(신림동 1735-2 별동)",37.4602244,126.9181072,ArcGIS 지오코딩(주소 지점 일치)
경로당,워커힐 경로당,서울특별시 광진구,1,"광진구 아차산로 635 (한수상가, 워커힐아파트 경로당)",37.5494396,127.1072185,ArcGIS 지오코딩(주소 지점 일치)
경로당,광나루현대 경로당,서울특별시 광진구 광장동,1,"광진구 아차산로76길 31 (광장동, 광나루현대아파트 경로당)",37.5476389,127.1090287,ArcGIS 지오코딩(주소 지점 일치)
경로당,"광장극동2차 경로당, 광장극동1차 경로당",서울특별시 광진구 광장동,2,"광진구 아차산로 552 (광장동, 극동2차아파트 경로당)",37.5420621,127.1026044,ArcGIS 지오코딩(주소 지점 일치)
경로당,광장삼성 경로당,서울특별시 광진구 광장동,1,"광진구 아차산로 544 (광장동, 삼성아파트 경로당)",37.5418438,127.1022685,ArcGIS 지오코딩(주소 지점 일치)
경로당,광장청구 경로당,서울특별시 광진구 광장동,1,"광진구 아차산로 503-23 (광장동, 청구아파트 경로당)",37.5429853,127.0964384,ArcGIS 지오코딩(주소 지점 일치)
경로당,광장현대11차 경로당,서울특별시 광진구 광장동,1,"광진구 아차산로69길 29 (광장동, 광장11차현대홈타운 경로당)",37.5430027,127.097091,ArcGIS 지오코딩(주소 지점 일치)
경로당,광장현대12차 경로당,서울특별시 광진구 광장동,1,"광진구 천호대로808 (광장동, 현대12차APT 경로당)",37.5448422,127.1033819,ArcGIS 지오코딩(주소 지점 일치)
경로당,광장현대3차 경로당,서울특별시 광진구 광장동,1,"광진구 아차산로70길 62 (광장동, 현대3차아파트 경로당)",37.5397477,127.0984923,ArcGIS 지오코딩(주소 지점 일치)
경로당,광장현대5차 경로당,서울특별시 광진구 광장동,1,"광진구 아차산로70길 61 (광장동, 광장현대5차아파트 경로당)",37.5396647,127.0993358,ArcGIS 지오코딩(주소 지점 일치)
경로당,광장현대8차 경로당,서울특별시 광진구 광장동,1,"광진구 아차산로 522 (광장동, 현대8차아파트 경로당)",37.5418091,127.0989833,ArcGIS 지오코딩(주소 지점 일치)
경로당,광장현대9차 경로당,서울특별시 광진구 광장동,1,"광진구 아차산로69길 19 (광장동, 현대9차아파트 경로당)",37.5430015,127.0979673,ArcGIS 지오코딩(주소 지점 일치)
경로당,국가유공자 경로당,서울특별시 광진구 광장동,1,"광진구 아차산로 630, 2층(광장동, 보훈회관)",37.5488324,127.1079967,ArcGIS 지오코딩(주소 지점 일치)
경로당,금호 경로당,서울특별시 광진구 광장동,1,"광진구 광나루로579 (광장동, 금호베스트빌아파트 경로당)",37.5441187,127.0939942,ArcGIS 지오코딩(주소 지점 일치)
경로당,신동아파밀리에 경로당,서울특별시 광진구 광장동,1,"광진구 아차산로 599 (광장동, 신동아파밀리에아파트 경로당)",37.5470019,127.1045924,ArcGIS 지오코딩(주소 지점 일치)
경로당,워커힐푸르지오 경로당,서울특별시 광진구 광장동,1,"광진구 아차산로78길 10 (광장동, 워커힐일신아파트 경로당)",37.5498262,127.1086966,ArcGIS 지오코딩(주소 지점 일치)
경로당,유천빌라 경로당,서울특별시 광진구 광장동,1,"광진구 광장로 63, (광장동, 유천빌라경로당)",37.5475766,127.1040553,ArcGIS 지오코딩(주소 지점 일치)
경로당,힐스테이트 경로당,서울특별시 광진구 광장동,1,"광진구 아차산로 537-17 (광장동, 광장힐스테이트(아) 경로당)",37.5431754,127.0989661,ArcGIS 지오코딩(주소 지점 일치)
경로당/도서관(작은도서관),"광장현대10차 경로당, 광장현대파크빌도서관",서울특별시 광진구 광장동,2,"광진구 아차산로549 (광장동, 현대파크빌아파트 경로당)",37.5443906,127.1024143,ArcGIS 지오코딩(주소 지점 일치)
도서관(작은도서관),사하라작은도서관,서울특별시 광진구 광장동,1,"서울특별시 광진구 광장로 78, 2층(광장동, 광성빌딩)",37.5476111,127.1056385,전국도서관표준데이터
경로당,e편한세상광진 경로당,서울특별시 광진구 구의동,1,"광진구 광나루로 458, B1층 (구의동, e편한세상광진그랜드파크 경로당)",37.5445888,127.0816833,ArcGIS 지오코딩(주소 지점 일치)
경로당,강변우성 경로당,서울특별시 광진구 구의동,1,"광진구 구의강변로42 (구의동, 강변우성아파트 경로당)",37.5354304,127.0932853,ArcGIS 지오코딩(주소 지점 일치)
경로당,구의새한 경로당,서울특별시 광진구 구의동,1,"광진구 자양로26길 71 (구의동, 새한아파트 경로당)",37.5407747,127.0882726,ArcGIS 지오코딩(주소 지점 일치)
경로당,구의아크로리버 경로당,서울특별시 광진구 구의동,1,"광진구 구의강변로 64 (구의동, 구의대림아크로리버경로당)",37.5363409,127.0932485,ArcGIS 지오코딩(주소 지점 일치)
경로당,구의현대2차 경로당,서울특별시 광진구 구의동,1,"광진구 광나루로56길 32 (구의동, 현대2차아파트 경로당)",37.537177,127.0951709,ArcGIS 지오코딩(주소 지점 일치)
경로당,구의현대7차 경로당,서울특별시 광진구 구의동,1,"광진구 구의강변로3가길 39 (구의동, 현대7차아파트 경로당)",37.5369155,127.0908139,ArcGIS 지오코딩(주소 지점 일치)
경로당,세양 경로당,서울특별시 광진구 구의동,1,"광진구 구의강변로84 (구의동, 세양아파트 경로당)",37.5373409,127.0938665,ArcGIS 지오코딩(주소 지점 일치)
도서관(작은도서관),더바움문화예술작은도서관,서울특별시 광진구 구의동,1,"서울특별시 광진구 자양로28길 98, 지하1층(구의동)",37.5414145,127.0895623,전국도서관표준데이터
도서관(작은도서관),사람아이앤지작은도서관,서울특별시 광진구 구의동,1,"서울특별시 광진구 자양로 322, 3층(구의동)",37.5539275,127.0940536,전국도서관표준데이터
도서관(작은도서관),아름드리작은도서관,서울특별시 광진구 구의동,1,"서울특별시 광진구 워커힐로 93, 본관 2층(구의동, 정립회관)",37.550537,127.0979157,전국도서관표준데이터
도서관(작은도서관),아차산아래작은도서관놀자,서울특별시 광진구 구의동,1,"서울특별시 광진구 자양로50가길 45, 2층(구의동)",37.5538555,127.0944525,전국도서관표준데이터
도서관(작은도서관),예드림작은도서관,서울특별시 광진구 구의동,1,"서울특별시 광진구 구의강변로 96, B101호(구의동, 예드림교회)",37.5391435,127.0943108,전국도서관표준데이터
도서관(작은도서관),국제문학작은도서관,서울특별시 광진구 군자동,1,서울특별시 광진구 광나루로15길 41(군자동),37.5501281,127.0696581,전국도서관표준데이터
경로당,꿈에그린 경로당,서울특별시 광진구 자양동,1,"광진구 뚝섬로24길 74, (자양동, 한화꿈에그린아파트 경로당)",37.533856,127.0617907,ArcGIS 지오코딩(주소 지점 일치)
경로당,대동 경로당,서울특별시 광진구 자양동,1,"광진구 뚝섬로31길 11 (자양동, 대동아파트 경로당)",37.5361522,127.0675737,ArcGIS 지오코딩(주소 지점 일치)
경로당,더샵스타시티 경로당,서울특별시 광진구 자양동,1,"광진구 아차산로 262 (자양동, 더샵스타시티아파트 경로당)",37.5381059,127.0722564,ArcGIS 지오코딩(주소 지점 일치)
경로당,래미안시니어클럽  경로당,서울특별시 광진구 자양동,1,"광진구 아차산로345 101동, 5층(자양동, 래미안시니어클럽 경로당)",37.538006,127.0813499,ArcGIS 지오코딩(주소 지점 일치)
경로당,우성1차 경로당,서울특별시 광진구 자양동,1,"광진구 뚝섬로 569 (자양동, 우성1차아파트 경로당)",37.5338002,127.0746084,ArcGIS 지오코딩(주소 지점 일치)
경로당,자양2현대2차 경로당,서울특별시 광진구 자양동,1,"광진구 뚝섬로56길 72 (자양동, 현대2차아파트 경로당)",37.5280306,127.0826551,ArcGIS 지오코딩(주소 지점 일치)
경로당,자양2현대3차 경로당,서울특별시 광진구 자양동,1,"광진구 뚝섬로56길 10 (자양동, 현대3차아파트 경로당)",37.5309886,127.0824257,ArcGIS 지오코딩(주소 지점 일치)
경로당,자양삼성 경로당,서울특별시 광진구 자양동,1,"광진구 자양번영로3길 65 (자양동, 삼성아파트 경로당)",37.5316877,127.0719077,ArcGIS 지오코딩(주소 지점 일치)
경로당,자양한양 경로당,서울특별시 광진구 자양동,1,"광진구 구의강변로 11 (자양동, 한양아파트 경로당)",37.5313933,127.0906183,ArcGIS 지오코딩(주소 지점 일치)
경로당,자양현대10차 경로당,서울특별시 광진구 자양동,1,"광진구 뚝섬로34길 25-19 (자양동, 현대10차아파트 경로당)",37.5333543,127.0700921,ArcGIS 지오코딩(주소 지점 일치)
경로당,자양현대2차 경로당,서울특별시 광진구 자양동,1,"광진구 뚝섬로34길 9 (자양동, 자양2차현대아파트 경로당)",37.5338442,127.0712827,ArcGIS 지오코딩(주소 지점 일치)
경로당,한강우성 경로당,서울특별시 광진구 자양동,1,"광진구 능동로1길 15 (자양동, 한강우성아파트 경로당)",37.5321062,127.0659307,ArcGIS 지오코딩(주소 지점 일치)
경로당,한라 경로당,서울특별시 광진구 자양동,1,"광진구 뚝섬로33길 20 (자양동, 한라아파트 경로당)",37.5359272,127.0698168,ArcGIS 지오코딩(주소 지점 일치)
경로당,한솔리베르 경로당,서울특별시 광진구 자양동,1,"광진구 뚝섬로56가길 28 (자양동, 한솔리베르아파트 경로당)",37.5281409,127.0842568,ArcGIS 지오코딩(주소 지점 일치)
도서관(작은도서관),새빛작은도서관,서울특별시 광진구 자양동,1,"서울특별시 광진구 아차산로 330 (자양동, 새빛지역아동센터)",37.5372735,127.0794272,전국도서관표준데이터
도서관(작은도서관),자양4동새마을작은도서관,서울특별시 광진구 자양동,1,서울특별시 광진구 아차산로24길 17(자양동),37.540263,127.0651113,전국도서관표준데이터
도서관(작은도서관),평강마을도서관,서울특별시 광진구 자양동,1,"서울특별시 광진구 자양번영로4길 13, 2층(자양동, 평강침례교회)",37.5315744,127.0760916,전국도서관표준데이터
보건소,자양보건지소,서울특별시 광진구 자양동,1,"서울특별시 광진구 아차산로24길 17 (자양동, 자양공공힐링센터) 2층(자양보건지소)",37.5402634,127.0651094,ArcGIS 지오코딩(주소 지점 일치)
경로당,신향빌라 경로당,서울특별시 광진구 중곡동,1,"광진구 용마산로24길 13 (중곡동, 신향빌라 경로당)",37.5669901,127.0873612,ArcGIS 지오코딩(주소 지점 일치)
도서관(작은도서관),샘터작은도서관,서울특별시 광진구 중곡동,1,서울특별시 광진구 용마산로24길 10(중곡동),37.5651522,127.087354,전국도서관표준데이터
도서관(작은도서관),운룡도서관,서울특별시 광진구 중곡동,1,서울특별시 광진구 자양로43길 85(중곡동),37.5541982,127.0893602,전국도서관표준데이터
도서관(작은도서관),이룸도서관,서울특별시 광진구 중곡동,1,서울특별시 광진구 용마산로 49(중곡동),37.5579873,127.0875991,전국도서관표준데이터
도서관(작은도서관),중곡교회작은도서관,서울특별시 광진구 중곡동,1,"서울특별시 광진구 긴고랑로36길 56, 지하1층(중곡동, 중곡교회)",37.556965,127.090785,전국도서관표준데이터
도서관(작은도서관),하람도서관,서울특별시 광진구 중곡동,1,"서울특별시 광진구 용마산로 16길 18, 101호(중곡동)",37.5621277,127.0883465,전국도서관표준데이터
도서관(작은도서관),성신비전스쿨도서관,서울특별시 광진구 화양동,1,서울특별시 광진구 동일로 160(화양동),37.546461,127.0666556,전국도서관표준데이터
도서관(공공도서관),개봉어린이도서관,서울특별시 구로구,1,서울특별시 구로구 경인로 318-15,37.496705,126.855912,전국도서관표준데이터
도서관(공공도서관),오류도서관,서울특별시 구로구,1,서울특별시 구로구 경인로19길 29-4,37.4972231,126.8423228,전국도서관표준데이터
경로당,호국 보훈 구로 경로당,서울특별시 구로구 가리봉동,1,구로구 우마1다길 25 (가리봉동),,,
경로당,새말 경로당,서울특별시 구로구 구로동,1,구로구 구로중앙로30길 16?(구로동),37.4991337,126.8862271,ArcGIS 지오코딩(주소 지점 일치)
보건소,G밸리보건지소,서울특별시 구로구 구로동,1,"서울특별시 구로구 디지털로 243 (구로동, 지하이시티) G벨리보건지소",37.4819922,126.892349,ArcGIS 지오코딩(주소 지점 일치)
경로당,우성1차(아) 경로당,서울특별시 구로구 신도림동,1,구로구 신도림로 110 (신도림동),37.5112017,126.8858412,ArcGIS 지오코딩(주소 지점 일치)
보건소,오류보건지소,서울특별시 구로구 오류동,1,서울특별시 구로구 오리로10길 44-3 (오류동) 오류보건지소,37.4887946,126.839338,ArcGIS 지오코딩(주소 지점 일치)
경로당,e편한세상 독산 더타워아파트경로당,서울특별시 금천구,1,범안로 1212,37.4654541,126.8963705,ArcGIS 지오코딩(주소 지점 일치)
경로당,가산삼익아파트경로당,서울특별시 금천구,1,두산로9길 56,37.4726933,126.8927411,ArcGIS 지오코딩(주소 지점 일치)
경로당,각산아파트경로당,서울특별시 금천구,1,한내로 52,37.4559702,126.8869892,ArcGIS 지오코딩(주소 지점 일치)
경로당,건영아파트경로당,서울특별시 금천구,1,독산로10길 96,37.4499132,126.9112332,ArcGIS 지오코딩(주소 지점 일치)
경로당,계룡아파트경로당,서울특별시 금천구,1,범안로15길 7,37.4668756,126.8930081,ArcGIS 지오코딩(주소 지점 일치)
경로당,관악산신도브래뉴아파트경로당,서울특별시 금천구,1,금하로24나길 48,37.4482695,126.9110901,ArcGIS 지오코딩(주소 지점 일치)
경로당,관악우방아파트경로당,서울특별시 금천구,1,금하로 750,37.449513,126.9136563,ArcGIS 지오코딩(주소 지점 일치)
경로당,금천롯데캐슬골드파크2차경로당,서울특별시 금천구,1,벚꽃로 30,37.4582229,126.8937104,ArcGIS 지오코딩(주소 지점 일치)
경로당,독산동한양수자인아파트,서울특별시 금천구,1,시흥대로150길 6,37.475681,126.8992357,ArcGIS 지오코딩(주소 지점 일치)
경로당,독산삼익아파트경로당,서울특별시 금천구,1,남부순환로120길 22,37.4779403,126.9002529,ArcGIS 지오코딩(주소 지점 일치)
경로당,독산신도아파트경로당,서울특별시 금천구,1,시흥대로152길 25,37.477316,126.8998016,ArcGIS 지오코딩(주소 지점 일치)
경로당,독산역롯데캐슬아파트경로당,서울특별시 금천구,1,벚꽃로 100,37.4645668,126.8916804,ArcGIS 지오코딩(주소 지점 일치)
경로당,독산현대아파트경로당,서울특별시 금천구,1,범안로17길 12,37.4673717,126.8955786,ArcGIS 지오코딩(주소 지점 일치)
경로당,동아아파트경로당,서울특별시 금천구,1,독산로78다길 52,37.4696581,126.9061637,ArcGIS 지오코딩(주소 지점 일치)
경로당,"두산아파트C지역경로당, 두산아파트A지구경로당",서울특별시 금천구,2,가산로 99,37.4745039,126.8937662,ArcGIS 지오코딩(주소 지점 일치)
경로당,라이프아파트꽃마음경로당,서울특별시 금천구,1,벚꽃로 60,37.4608663,126.8924667,ArcGIS 지오코딩(주소 지점 일치)
경로당,럭키아파트경로당,서울특별시 금천구,1,시흥대로47길 43,37.4491747,126.8998686,ArcGIS 지오코딩(주소 지점 일치)
경로당,무지개아파트경로당,서울특별시 금천구,1,시흥대로73길 11,37.4568144,126.8991259,ArcGIS 지오코딩(주소 지점 일치)
경로당,벽산아파트3단지경로당,서울특별시 금천구,1,탑골로 84,37.4527901,126.9171617,ArcGIS 지오코딩(주소 지점 일치)
경로당,벽산아파트6단지경로당,서울특별시 금천구,1,금하로 796,37.449813,126.9156172,ArcGIS 지오코딩(주소 지점 일치)
경로당,"산복경로당, 벽산아파트제1경로당, 벽산아파트금하경로당",서울특별시 금천구,3,금하로 793,37.4522012,126.9184372,ArcGIS 지오코딩(주소 지점 일치)
경로당,성지아파트경로당,서울특별시 금천구,1,시흥대로51길 55,37.4512276,126.8982027,ArcGIS 지오코딩(주소 지점 일치)
경로당,시흥경남아파트경로당,서울특별시 금천구,1,독산로 78-1,37.4545705,126.9069992,ArcGIS 지오코딩(주소 지점 일치)
경로당,시흥금강아파트경로당,서울특별시 금천구,1,독산로50길 57-2,37.4632371,126.9080723,ArcGIS 지오코딩(주소 지점 일치)
경로당,시흥삼익아파트경로당,서울특별시 금천구,1,독산로50길 89,37.4626425,126.9087637,ArcGIS 지오코딩(주소 지점 일치)
경로당,우창경로당,서울특별시 금천구,1,서부샛길 572,37.477768,126.8772013,ArcGIS 지오코딩(주소 지점 일치)
경로당,주공14단지아파트경로당,서울특별시 금천구,1,한내로 69-54,37.4600192,126.8863525,ArcGIS 지오코딩(주소 지점 일치)
경로당,중앙하이츠빌라경로당,서울특별시 금천구,1,시흥대로36길 45,37.4445032,126.906623,ArcGIS 지오코딩(주소 지점 일치)
경로당,중앙하이츠아파트경로당,서울특별시 금천구,1,범안로 1136,37.4653308,126.8885366,ArcGIS 지오코딩(주소 지점 일치)
경로당,청광아파트경로당,서울특별시 금천구,1,독산동 1139,37.4712461,126.8941325,ArcGIS 지오코딩(지번 일치)
경로당,탑스빌아파트경로당,서울특별시 금천구,1,금하로30길 34,37.4490908,126.9159812,ArcGIS 지오코딩(주소 지점 일치)
경로당,한신아파트경로당,서울특별시 금천구,1,한내로 62,37.4543244,126.8896904,ArcGIS 지오코딩(주소 지점 일치)
경로당,해가든아파트경로당,서울특별시 금천구,1,벚꽃로6길 3,37.4607551,126.8929982,ArcGIS 지오코딩(주소 지점 일치)
경로당,효정경로당,서울특별시 금천구,1,시흥대로 266(203호),37.4575218,126.8999193,ArcGIS 지오코딩(주소 지점 일치)
경로당/도서관(작은도서관),"금주경로당, 트리니티 작은도서관",서울특별시 금천구,2,시흥대로72길 13,37.457173,126.900291,ArcGIS 지오코딩(주소 지점 일치)
도서관(작은도서관),금천가산퍼블릭디자인작은도서관,서울특별시 금천구,1,"서울특별시 금천구 디지털로 178, A동 4층 M-401호",37.4771886,126.886462,전국도서관표준데이터
도서관(작은도서관),길빛 작은도서관,서울특별시 금천구,1,서울특별시 금천구 독산로 16,37.4488354,126.9048306,전국도서관표준데이터
도서관(작은도서관),나누리 작은도서관,서울특별시 금천구,1,"서울특별시 금천구 금하로23길 40, 금화빌딩",37.4531041,126.908929,전국도서관표준데이터
도서관(작은도서관),맑은누리작은도서관,서울특별시 금천구,1,"서울특별시 금천구 금하로 668, 맑은누리작은도서관",37.453362,126.904163,전국도서관표준데이터
도서관(작은도서관),산돌어린이도서관,서울특별시 금천구,1,"서울특별시 금천구 시흥대로75길 12, 산돌문화센타",37.4576006,126.898373,전국도서관표준데이터
도서관(작은도서관),샘솟는 작은도서관,서울특별시 금천구,1,서울특별시 금천구 독산로64길 15,37.4652309,126.9034346,전국도서관표준데이터
도서관(작은도서관),소망의나무어린이 작은도서관,서울특별시 금천구,1,서울특별시 금천구 금하로11길 14,37.4545525,126.9037964,전국도서관표준데이터
도서관(작은도서관),우리울 작은도서관,서울특별시 금천구,1,서울특별시 금천구 범안로12가길 49,37.4649346,126.894003,전국도서관표준데이터
도서관(작은도서관),은행나무어린이도서관,서울특별시 금천구,1,서울특별시 금천구 탑골로 43,37.4520564,126.9139655,전국도서관표준데이터
도서관(작은도서관),책읽는마을 작은도서관,서울특별시 금천구,1,서울특별시 금천구 독산로74길 31,37.4686517,126.904183,전국도서관표준데이터
도서관(공공도서관),노원어린이도서관,서울특별시 노원구,1,서울특별시 노원구 한글비석로 346,37.6579508,127.0763791,전국도서관표준데이터
도서관(공공도서관),노원중앙도서관,서울특별시 노원구,1,서울특별시 노원구 노원로34길 43,37.6610997,127.0650081,전국도서관표준데이터
도서관(공공도서관),불암도서관,서울특별시 노원구,1,서울특별시 노원구 중계로 106,37.6452921,127.0825447,전국도서관표준데이터
도서관(공공도서관),상계도서관,서울특별시 노원구,1,서울특별시 노원구 동일로243길 57,37.6785281,127.0519416,전국도서관표준데이터
도서관(공공도서관),월계도서관,서울특별시 노원구,1,서울특별시 노원구 월계로 319,37.628637,127.056121,전국도서관표준데이터
도서관(공공도서관),하계어린이도서관,서울특별시 노원구,1,서울특별시 노원구 공릉로58가길 13,37.6360959,127.0724932,전국도서관표준데이터
도서관(공공도서관),화랑도서관,서울특별시 노원구,1,서울특별시 노원구 노원로1나길 10,37.6215198,127.083006,전국도서관표준데이터
도서관(작은도서관),나무작은도서관,서울특별시 노원구,1,"서울특별시 노원구 동일로1405,1층",37.653831,127.0601779,전국도서관표준데이터
도서관(작은도서관),노원문화원,서울특별시 노원구,1,서울특별시 노원구 동일로 197길 24,37.6287991,127.0698014,전국도서관표준데이터
도서관(작은도서관),메아리작은도서관,서울특별시 노원구,1,서울특별시 노원구 노해길 183,37.65299,127.057987,전국도서관표준데이터
도서관(작은도서관),향기나무도서관,서울특별시 노원구,1,서울특별시 노원구 노원로 333 노원아동복지관 1층,37.6235884,127.0687815,전국도서관표준데이터
보건소,공릉보건지소,서울특별시 노원구 공릉동,1,"서울특별시 노원구 공릉로 166-1 (공릉동, 공릉보건지소) 공릉보건지소",37.6247881,127.080003,ArcGIS 지오코딩(주소 지점 일치)
경로당,갈월경로당,서울특별시 노원구 상계동,1,노원구 동일로236길 55(상계동),37.6741672,127.0585449,ArcGIS 지오코딩(주소 지점 일치)
경로당,상계마들아파트경로당,서울특별시 노원구 상계동,1,"노원구 덕릉로70가길 101(상계동, 상계마들아파트)",37.6417139,127.0565071,ArcGIS 지오코딩(주소 지점 일치)
경로당,코오롱아파트경로당,서울특별시 노원구 상계동,1,"노원구 노원로26가길 7(상계동, 코오롱아파트)",37.6523046,127.0695568,ArcGIS 지오코딩(주소 지점 일치)
보건소,마들보건지소,서울특별시 노원구 상계동,1,"서울특별시 노원구 수락산로 212-20 (상계동, 마들보건지소) 마들보건지소",37.6714644,127.0552311,ArcGIS 지오코딩(주소 지점 일치)
보건소,상계보건지소,서울특별시 노원구 상계동,1,"서울특별시 노원구 상계로 118 (상계동, 상계2동주민센터) 3층",37.6574832,127.0678641,ArcGIS 지오코딩(주소 지점 일치)
보건소,월계보건지소,서울특별시 노원구 월계동,1,"서울특별시 노원구 월계로 378 (월계동, 월계보건지소) 1층",37.63145,127.0615911,ArcGIS 지오코딩(주소 지점 일치)
경로당,하계5단지경로당,서울특별시 노원구 하계동,1,"노원구 섬밭로 201(하계동, 시영아파트)",37.63376,127.0651852,ArcGIS 지오코딩(주소 지점 일치)
경로당,대우파크힐(이안)A경로당,서울특별시 도봉구,1,도봉구 시루봉로 8,37.6517261,127.028799,ArcGIS 지오코딩(주소 지점 일치)
경로당,동양크레오A경로당,서울특별시 도봉구,1,도봉구 시루봉로 166,37.6640293,127.0305764,ArcGIS 지오코딩(주소 지점 일치)
경로당,방학2동구립경로당,서울특별시 도봉구,1,도봉구 시루봉로17길 64,37.669372,127.0314123,ArcGIS 지오코딩(주소 지점 일치)
경로당,방학극동A경로당,서울특별시 도봉구,1,도봉구 시루봉로11길 25-8,37.6642081,127.0267071,ArcGIS 지오코딩(주소 지점 일치)
경로당,방학성원A경로당,서울특별시 도봉구,1,도봉구 도당로6길 14-6,37.6613068,127.0355503,ArcGIS 지오코딩(주소 지점 일치)
경로당,신동아4차A경로당,서울특별시 도봉구,1,도봉구 방학로 200,37.6627468,127.0299529,ArcGIS 지오코딩(주소 지점 일치)
경로당,신원2차A경로당,서울특별시 도봉구,1,도봉구 해등로 190,37.6582166,127.0357595,ArcGIS 지오코딩(주소 지점 일치)
경로당,쌍문청구A경로당,서울특별시 도봉구,1,도봉구 도당로 13,37.6596147,127.0343461,ArcGIS 지오코딩(주소 지점 일치)
경로당,유만경로당,서울특별시 도봉구,1,도봉구 노해로61길 22,37.6524177,127.0381197,ArcGIS 지오코딩(주소 지점 일치)
경로당,이수A경로당,서울특별시 도봉구,1,도봉구 도봉로146길 36,37.6635897,127.044932,ArcGIS 지오코딩(주소 지점 일치)
경로당,주공4단지A경로당,서울특별시 도봉구,1,도봉구 덕릉로 350,37.6448454,127.0479996,ArcGIS 지오코딩(주소 지점 일치)
경로당,한화A경로당,서울특별시 도봉구,1,도봉구 방학로11길 10,37.6612167,127.0314925,ArcGIS 지오코딩(주소 지점 일치)
도서관(공공도서관),도봉 기적의 도서관,서울특별시 도봉구,1,서울특별시 도봉구 도봉구 마들로 797,37.6807721,127.0502436,전국도서관표준데이터
도서관(공공도서관),"도봉어린이문화정보도서관(디지털자료실), 도봉어린이문화정보도서관(영 유아), 도봉어린이문화정보센터(자료열람실, 잉글리시 아일랜드)",서울특별시 도봉구,3,서울특별시 도봉구 도봉구 노해로69길 151,37.6590072,127.0494699,전국도서관표준데이터
도서관(어린이도서관),무수골 도서관,서울특별시 도봉구,1,서울특별시 도봉구 도봉구 도봉로175길 10,37.6829589,127.0428608,전국도서관표준데이터
도서관(작은도서관),도봉1동 공립 작은도서관,서울특별시 도봉구,1,서울특별시 도봉구 도봉구 도봉로169 나길 22,37.6786704,127.0433569,전국도서관표준데이터
도서관(작은도서관),도봉2동 공립 작은도서관,서울특별시 도봉구,1,서울특별시 도봉구 도봉구 마들로 668,37.6696229,127.0465415,전국도서관표준데이터
도서관(작은도서관),도봉구청사 행복작은도서관,서울특별시 도봉구,1,서울특별시 도봉구 도봉구 마들로 656,37.6686287,127.0470496,전국도서관표준데이터
도서관(작은도서관),방학1동 공립 작은도서관,서울특별시 도봉구,1,서울특별시 도봉구 도봉구 방학로2길 27,37.6641869,127.0406367,전국도서관표준데이터
도서관(작은도서관),방학2동 공립 작은도서관,서울특별시 도봉구,1,서울특별시 도봉구 도봉구 시루봉로 226,37.668177,127.0350425,전국도서관표준데이터
도서관(작은도서관),방학3동 공립 작은도서관,서울특별시 도봉구,1,서울특별시 도봉구 도봉구 해등로32길 80,37.65989,127.02382,전국도서관표준데이터
도서관(작은도서관),쌍문1동 공립 작은도서관,서울특별시 도봉구,1,서울특별시 도봉구 도봉구 노해로 147,37.6479992,127.0260364,전국도서관표준데이터
도서관(작은도서관),쌍문2동 공립 작은도서관,서울특별시 도봉구,1,서울특별시 도봉구 도봉구 방학로3길 117,37.6580211,127.0387508,전국도서관표준데이터
도서관(작은도서관),쌍문3동 공립 작은도서관,서울특별시 도봉구,1,서울특별시 도봉구 도봉구 노해로44길 9,37.6489437,127.0279086,전국도서관표준데이터
도서관(작은도서관),쌍문4동 공립 작은도서관,서울특별시 도봉구,1,서울특별시 도봉구 도봉구 시루봉로 62-7,37.6564188,127.0283688,전국도서관표준데이터
도서관(작은도서관),창1동 공립 작은도서관,서울특별시 도봉구,1,서울특별시 도봉구 도봉구 해등로 46,37.64833,127.04378,전국도서관표준데이터
도서관(작은도서관),창2동 공립 작은도서관,서울특별시 도봉구,1,서울특별시 도봉구 도봉구 덕릉로 59길 73-3,37.6413898,127.0356396,전국도서관표준데이터
도서관(작은도서관),창3동 공립 작은도서관,서울특별시 도봉구,1,서울특별시 도봉구 도봉구 덕릉로62길 89,37.63811,127.04287,전국도서관표준데이터
도서관(작은도서관),창4동 공립 작은도서관,서울특별시 도봉구,1,서울특별시 도봉구 도봉구 노해로 390,37.6522,127.05154,전국도서관표준데이터
도서관(작은도서관),창5동 공립 작은도서관,서울특별시 도봉구,1,서울특별시 도봉구 도봉구 도봉로 136 나길 20,37.6562098,127.0434809,전국도서관표준데이터
도서관(학교도서관),북서울중학교 도서관,서울특별시 도봉구,1,서울특별시 도봉구 도봉구 도봉로169가길 33,37.6813005,127.0430239,전국도서관표준데이터
도서관(학교도서관),창북중학교 도서관,서울특별시 도봉구,1,서울특별시 도봉구 도봉구 노해로 62길 33,37.6494708,127.0385766,전국도서관표준데이터
도서관(공공도서관),방학동영유아플라자,서울특별시 도봉구 방학동,1,서울특별시 도봉구 도봉구 방학로 12길 28 (방학동),37.66323,127.03033,전국도서관표준데이터
도서관(공공도서관),"서울특별시교육청도봉도서관(디지털자료실), 서울특별시교육청도봉도서관(어린이자료실), 서울특별시교육청도봉도서관(종합자료실)",서울특별시 도봉구 쌍문동,3,서울특별시 도봉구 도봉구 삼양로 556(쌍문동),37.6527461,127.0129663,전국도서관표준데이터
보건소,도봉구보건소,서울특별시 도봉구 쌍문동,1,"서울특별시 도봉구 방학로3길 117 (쌍문동, 도봉보건소) 도봉보건소",37.6581336,127.0386972,ArcGIS 지오코딩(주소 지점 일치)
도서관(공공도서관),창동영유아플라자,서울특별시 도봉구 창동,1,서울특별시 도봉구 도봉구 우이천로4길 24-5 (창동),37.63351,127.0411,전국도서관표준데이터
보건소,창동보건지소,서울특별시 도봉구 창동,1,서울특별시 도봉구 덕릉로63길 53 (창동) 창동보건지소,37.6437639,127.0402402,ArcGIS 지오코딩(주소 지점 일치)
경로당,답십리대림e편한세상아파트경로당,서울특별시 동대문구 답십리동,1,서울특별시 동대문구 답십리로60길 38 (답십리동),37.5705318,127.0634042,ArcGIS 지오코딩(주소 지점 일치)
경로당,답십리두산위브아파트경로당,서울특별시 동대문구 답십리동,1,서울특별시 동대문구 황물로15길 25 (답십리동),37.5663863,127.0570701,ArcGIS 지오코딩(주소 지점 일치)
경로당,답십리세양청마루아파트경로당,서울특별시 동대문구 답십리동,1,서울특별시 동대문구 답십리로59길 7 (답십리동),37.5739985,127.065493,ArcGIS 지오코딩(주소 지점 일치)
경로당,답십리파크자이경로당,서울특별시 동대문구 답십리동,1,서울특별시 동대문구 답십리로56길 105(답십리동),37.568147,127.0604912,ArcGIS 지오코딩(주소 지점 일치)
경로당,답십리한화아파트경로당,서울특별시 동대문구 답십리동,1,서울특별시 동대문구 고미술로 57 (답십리동),37.5669922,127.0539284,ArcGIS 지오코딩(주소 지점 일치)
경로당,동서울한양아파트경로당,서울특별시 동대문구 답십리동,1,서울특별시 동대문구 답십리로 184 (답십리동),37.5710769,127.060231,ArcGIS 지오코딩(주소 지점 일치)
경로당,두산아파트경로당,서울특별시 동대문구 답십리동,1,서울특별시 동대문구 답십리로56길 21 (답십리동),37.5684973,127.0598301,ArcGIS 지오코딩(주소 지점 일치)
경로당,래미안미드카운티경로당,서울특별시 동대문구 답십리동,1,서울특별시 동대문구 답십리로 141 (답십리동),37.575332,127.0556549,ArcGIS 지오코딩(주소 지점 일치)
경로당,신답경남아파트경로당,서울특별시 동대문구 답십리동,1,서울특별시 동대문구 천호대로47길 62 (답십리동),37.5749357,127.0444598,ArcGIS 지오코딩(주소 지점 일치)
경로당,우성그린아파트경로당,서울특별시 동대문구 답십리동,1,서울특별시 동대문구 답십리로59길 33  (답십리동),37.5746017,127.0660162,ArcGIS 지오코딩(주소 지점 일치)
경로당,청계벽산메가트리움경로당,서울특별시 동대문구 답십리동,1,서울특별시 동대문구 천호대로 241 (답십리동),37.5698022,127.0494665,ArcGIS 지오코딩(주소 지점 일치)
경로당,청솔우성2차아파트경로당,서울특별시 동대문구 답십리동,1,서울특별시 동대문구 전농로10길 80 (답십리동),37.5754922,127.0619855,ArcGIS 지오코딩(주소 지점 일치)
경로당,청솔우성아파트경로당,서울특별시 동대문구 답십리동,1,서울특별시 동대문구 전농로10길 20 (답십리동),37.5751873,127.0580315,ArcGIS 지오코딩(주소 지점 일치)
경로당,힐스테이트청계경로당,서울특별시 동대문구 답십리동,1,서울특별시 동대문구 천호대로55길 11 (답십리동),37.5710467,127.0485024,ArcGIS 지오코딩(주소 지점 일치)
경로당,래미안엘리니티아파트경로당,서울특별시 동대문구 용신동,1,서울특별시 동대문구 한빛로 49(용신동),37.5796839,127.0297823,ArcGIS 지오코딩(주소 지점 일치)
경로당,래미안허브리츠아파트경로당,서울특별시 동대문구 용신동,1,서울특별시 동대문구 정릉천동로 36 (용신동),37.5754869,127.0371133,ArcGIS 지오코딩(주소 지점 일치)
경로당,롯데캐슬피렌체경로당,서울특별시 동대문구 용신동,1,서울특별시 동대문구 정릉천동로 58 (용신동),37.5769827,127.0357262,ArcGIS 지오코딩(주소 지점 일치)
경로당,신동아아파트경로당,서울특별시 동대문구 용신동,1,서울특별시 동대문구 무학로26길 30 (용신동),37.5726684,127.0313193,ArcGIS 지오코딩(주소 지점 일치)
경로당,용두두산위브경로당,서울특별시 동대문구 용신동,1,서울특별시 동대문구 정릉천동로 16 (용신동),37.5730986,127.0368377,ArcGIS 지오코딩(주소 지점 일치)
경로당,용두롯데캐슬리치아파트경로당,서울특별시 동대문구 용신동,1,"서울특별시 동대문구 한빛로 73, 103동 1층 (용신동)",37.5790018,127.0305843,ArcGIS 지오코딩(주소 지점 일치)
경로당,청센포경로당,서울특별시 동대문구 용신동,1,서울특별시 동대문구 무학로 91(용신동),37.5720376,127.0293164,ArcGIS 지오코딩(주소 지점 일치)
경로당,대성유니드아파트경로당,서울특별시 동대문구 이문동,1,서울특별시 동대문구 한천로58길 151 (이문동),37.6030646,127.0705503,ArcGIS 지오코딩(주소 지점 일치)
경로당,삼익아파트경로당,서울특별시 동대문구 이문동,1,서울특별시 동대문구 한천로55길 9 (이문동),37.5953703,127.0673801,ArcGIS 지오코딩(주소 지점 일치)
경로당,신이문금호어울림아파트경로당,서울특별시 동대문구 이문동,1,서울특별시 동대문구 신이문로 9 (이문동),37.603163,127.0633541,ArcGIS 지오코딩(주소 지점 일치)
경로당,이문대림e편한세상아파트경로당,서울특별시 동대문구 이문동,1,서울특별시 동대문구 한천로63길 10 (이문동),37.6052985,127.0654709,ArcGIS 지오코딩(주소 지점 일치)
경로당,이문대우아파트경로당,서울특별시 동대문구 이문동,1,서울특별시 동대문구 한천로58길 139 (이문동),37.6018971,127.0696498,ArcGIS 지오코딩(주소 지점 일치)
경로당,이문삼성래미안아파트경로당,서울특별시 동대문구 이문동,1,서울특별시 동대문구 천장산로11길 17 (이문동),37.5999023,127.0564614,ArcGIS 지오코딩(주소 지점 일치)
경로당,(장안동)현대아파트경로당,서울특별시 동대문구 장안동,1,서울특별시 동대문구 한천로 224 (장안동),37.5808262,127.068513,ArcGIS 지오코딩(주소 지점 일치)
경로당,경남하이빌아파트경로당,서울특별시 동대문구 장안동,1,서울특별시 동대문구 사가정로23길 40 (장안동),37.5804397,127.0702264,ArcGIS 지오코딩(주소 지점 일치)
경로당,동대문더퍼스트데시앙아파트경로당,서울특별시 동대문구 장안동,1,서울특별시 동대문구 장한로27가길 37(장안동),37.5740087,127.0701829,ArcGIS 지오코딩(주소 지점 일치)
경로당,래미안장안아파트경로당,서울특별시 동대문구 장안동,1,서울특별시 동대문구 장한로14길 81 (장안동),37.5668181,127.0721803,ArcGIS 지오코딩(주소 지점 일치)
경로당,삼성래미안장안2차아파트경로당,서울특별시 동대문구 장안동,1,서울특별시 동대문구 장안벚꽃로 167 (장안동),37.5734456,127.0740648,ArcGIS 지오코딩(주소 지점 일치)
경로당,삼성쉐르빌아파트경로당,서울특별시 동대문구 장안동,1,서울특별시 동대문구 장한로 119 (장안동),37.5714497,127.070213,ArcGIS 지오코딩(주소 지점 일치)
경로당,신일해피트리2차아파트경로당,서울특별시 동대문구 장안동,1,서울특별시 동대문구 천호대로77가길 27 (장안동),37.5636442,127.0634132,ArcGIS 지오코딩(주소 지점 일치)
경로당,장안2차현대홈타운경로당,서울특별시 동대문구 장안동,1,서울특별시 동대문구 장한로26다길 84 (장안동),37.5690373,127.0714774,ArcGIS 지오코딩(주소 지점 일치)
경로당,장안3차현대홈타운경로당,서울특별시 동대문구 장안동,1,서울특별시 동대문구 장한로28가길 44 (장안동),37.5746166,127.0733082,ArcGIS 지오코딩(주소 지점 일치)
경로당,장안현대홈타운아파트경로당,서울특별시 동대문구 장안동,1,서울특별시 동대문구 장안벚꽃로 107 (장안동),37.5682002,127.0729221,ArcGIS 지오코딩(주소 지점 일치)
경로당,장안현대홈타운아파트제2경로당,서울특별시 동대문구 장안동,1,서울특별시 동대문구 장한로18길 82-14 (장안동),37.5671815,127.0723739,ArcGIS 지오코딩(주소 지점 일치)
경로당,장안힐스테이트경로당,서울특별시 동대문구 장안동,1,서울특별시 동대문구 장안벚꽃로1길 7 (장안동),37.5753828,127.0744212,ArcGIS 지오코딩(주소 지점 일치)
경로당,한신아파트경로당,서울특별시 동대문구 장안동,1,서울특별시 동대문구 사가정로 245-3 (장안동),37.5790357,127.0714869,ArcGIS 지오코딩(주소 지점 일치)
경로당,롯데캐슬노블레스경로당,서울특별시 동대문구 전농동,1,서울특별시 동대문구 답십리로23길 30 (전농동),37.5773235,127.0497554,ArcGIS 지오코딩(주소 지점 일치)
경로당,배봉경로당,서울특별시 동대문구 전농동,1,서울특별시 동대문구 사가정로15길 38-2 (전농동),37.5793647,127.059383,ArcGIS 지오코딩(주소 지점 일치)
경로당,삼성래미안아파트경로당,서울특별시 동대문구 전농동,1,서울특별시 동대문구 전농로 192 (전농동),37.5812552,127.0563946,ArcGIS 지오코딩(주소 지점 일치)
경로당,신성미소지움아파트경로당,서울특별시 동대문구 전농동,1,서울특별시 동대문구 서울시립대로 75 (전농동),,,
경로당,우성아파트경로당,서울특별시 동대문구 전농동,1,서울특별시 동대문구 사가정로 190 (전농동),37.5780754,127.066385,ArcGIS 지오코딩(주소 지점 일치)
경로당,제기한신아파트제1경로당,서울특별시 동대문구 제기동,1,서울특별시 동대문구 고산자로 534 (제기동),37.5875326,127.0380407,ArcGIS 지오코딩(주소 지점 일치)
경로당,현대아파트경로당,서울특별시 동대문구 제기동,1,서울특별시 동대문구 정릉천동로 90 (제기동),37.580513,127.0360617,ArcGIS 지오코딩(주소 지점 일치)
경로당,한신아파트경로당,서울특별시 동대문구 청량리동,1,"서울특별시 동대문구 제기로 131 (청량리동, 제1여성복지관 내)",37.5880462,127.0494445,ArcGIS 지오코딩(주소 지점 일치)
경로당,현대아파트경로당,서울특별시 동대문구 청량리동,1,서울특별시 동대문구 약령시로21길 30 (청량리동),37.5841917,127.0456969,ArcGIS 지오코딩(주소 지점 일치)
경로당,신현대아파트경로당,서울특별시 동대문구 회기동,1,서울특별시 동대문구 이문로1길 21 (회기동),37.5892508,127.0527048,ArcGIS 지오코딩(주소 지점 일치)
경로당,회기힐스테이트아파트경로당,서울특별시 동대문구 회기동,1,서울특별시 동대문구 회기로26길 15 (회기동),37.5895494,127.0546263,ArcGIS 지오코딩(주소 지점 일치)
경로당,동양아파트경로당,서울특별시 동대문구 휘경동,1,서울특별시 동대문구 망우로 135 (휘경동),37.5922076,127.0676759,ArcGIS 지오코딩(주소 지점 일치)
경로당,동일스위트리버경로당,서울특별시 동대문구 휘경동,1,서울특별시 동대문구 한천로 300 (휘경동),37.5877034,127.069146,ArcGIS 지오코딩(주소 지점 일치)
경로당,롯데1차아파트경로당,서울특별시 동대문구 휘경동,1,서울특별시 동대문구 망우로 95 (휘경동),37.5911848,127.0639632,ArcGIS 지오코딩(주소 지점 일치)
경로당,서울가든아파트경로당,서울특별시 동대문구 휘경동,1,서울특별시 동대문구 겸재로 24 (휘경동),37.584338,127.0718684,ArcGIS 지오코딩(주소 지점 일치)
경로당,"주공2단지아파트경로당, 주공1단지아파트경로당",서울특별시 동대문구 휘경동,2,서울특별시 동대문구 한천로 248 (휘경동),37.5834466,127.0708802,ArcGIS 지오코딩(주소 지점 일치)
경로당,휘경SK뷰아파트경로당,서울특별시 동대문구 휘경동,1,서울특별시 동대문구 휘경로 60(휘경동),37.5941777,127.0650058,ArcGIS 지오코딩(주소 지점 일치)
경로당,휘경동일하이빌아파트경로당,서울특별시 동대문구 휘경동,1,서울특별시 동대문구 장안벚꽃로5길 10 (휘경동),37.5822128,127.0736107,ArcGIS 지오코딩(주소 지점 일치)
경로당,휘경미소지움아파트경로당,서울특별시 동대문구 휘경동,1,서울특별시 동대문구 망우로 105 (휘경동),37.5912846,127.0646512,ArcGIS 지오코딩(주소 지점 일치)
경로당,휘경베스트빌현대아파트경로당,서울특별시 동대문구 휘경동,1,서울특별시 동대문구 장안벚꽃로5길 19 (휘경동),37.5813273,127.0742323,ArcGIS 지오코딩(주소 지점 일치)
경로당,휘경브라운스톤경로당,서울특별시 동대문구 휘경동,1,서울특별시 동대문구 망우로20길 86 (휘경동),37.590616,127.0673805,ArcGIS 지오코딩(주소 지점 일치)
경로당,휘경센트레빌아파트경로당,서울특별시 동대문구 휘경동,1,서울특별시 동대문구 외대역동로 14 (휘경동),37.5902789,127.0684394,ArcGIS 지오코딩(주소 지점 일치)
경로당,"휘경해모로아파트경로당, 휘경롯데낙천대아파트경로당",서울특별시 동대문구 휘경동,2,서울특별시 동대문구 외대역동로1길 24(휘경동),37.5922754,127.0654818,ArcGIS 지오코딩(주소 지점 일치)
경로당,휘경현대아파트경로당,서울특별시 동대문구 휘경동,1,서울특별시 동대문구 서울시립대로29길 62 (휘경동),,,
경로당,갑을명가2차A,서울특별시 동작구,1,국사봉길 175,37.49365,126.934636,ArcGIS 지오코딩(주소 지점 일치)
경로당,대방1차e편한세상A,서울특별시 동작구,1,알마타길 37,37.5116601,126.9284795,ArcGIS 지오코딩(주소 지점 일치)
경로당,대한,서울특별시 동작구,1,노량진로14길 44,37.5117143,126.9426397,ArcGIS 지오코딩(주소 지점 일치)
경로당,사당두산위브트레지움A,서울특별시 동작구,1,사당로13길 31,37.4849196,126.9711078,ArcGIS 지오코딩(주소 지점 일치)
경로당,사당롯데캐슬골든포레A,서울특별시 동작구,1,사당로90,37.4925135,126.9617548,ArcGIS 지오코딩(주소 지점 일치)
경로당,사당솔밭,서울특별시 동작구,1,사당로 189-9,,,
경로당,"사당신동아504동A, 신동아5차A",서울특별시 동작구,2,동작대로29길 118,37.4908555,126.9762687,ArcGIS 지오코딩(주소 지점 일치)
경로당,상도파크자이A,서울특별시 동작구,1,장승배기로11가길 11,37.505729,126.939085,ArcGIS 지오코딩(주소 지점 일치)
경로당,신동아A우리,서울특별시 동작구,1,만양로3길 78,37.5065653,126.9413323,ArcGIS 지오코딩(주소 지점 일치)
경로당,신일해피트리A,서울특별시 동작구,1,여의대방로62길 7,37.5141078,126.9277355,ArcGIS 지오코딩(주소 지점 일치)
경로당,우성2단지A,서울특별시 동작구,1,동작대로29길 91,37.487568,126.9795458,ArcGIS 지오코딩(주소 지점 일치)
경로당,이수교KCC스위첸A,서울특별시 동작구,1,동작대로45길 22,37.497923,126.9804748,ArcGIS 지오코딩(주소 지점 일치)
경로당,이수역리가A,서울특별시 동작구,1,사당로27길 130,37.4893409,126.9735937,ArcGIS 지오코딩(주소 지점 일치)
경로당,이수푸르지오 더 프레티움 A,서울특별시 동작구,1,동작대로 39길 39,37.4927562,126.9806222,ArcGIS 지오코딩(주소 지점 일치)
경로당,학수,서울특별시 동작구,1,사당로27길 215,,,
경로당,행복,서울특별시 동작구,1,"보라매로9길 54, 1층",37.4949209,126.9259564,ArcGIS 지오코딩(주소 지점 일치)
도서관(공공도서관),대방어린이도서관,서울특별시 동작구,1,서울특별시 동작구 대방동길 55,37.5030242,126.9252221,전국도서관표준데이터
도서관(공공도서관),동작영어마루도서관,서울특별시 동작구,1,서울특별시 동작구 장승배기로16길 98,37.5092044,126.943434,전국도서관표준데이터
도서관(공공도서관),신대방역 U-도서관,서울특별시 동작구,1,서울특별시 동작구 대림로 2,37.487576,126.9131756,전국도서관표준데이터
도서관(작은도서관),국사봉숲속작은도서관,서울특별시 동작구,1,서울특별시 동작구 양녕로23길27,37.4954321,126.9405909,전국도서관표준데이터
도서관(작은도서관),동작샘터도서관,서울특별시 동작구,1,서울특별시 동작구 동작대로29길 63-26,37.4883609,126.977553,전국도서관표준데이터
보건소,동작구보건소,서울특별시 동작구 노량진동,1,서울특별시 동작구 만양로3길 80 (노량진동) 1~9층,37.5057383,126.9411201,ArcGIS 지오코딩(주소 지점 일치)
보건소,동작보건지소,서울특별시 동작구 대방동,1,"서울특별시 동작구 상도로 34 (대방동, 산맥빌딩) 동작구보건지소",37.4996166,126.9242845,ArcGIS 지오코딩(주소 지점 일치)
경로당,e편한세상 마포리버파크 경로당,서울특별시 마포구,1,토정로31길 24,37.5424044,126.9435301,ArcGIS 지오코딩(주소 지점 일치)
경로당,공덕5차래미안(아)A경로당,서울특별시 마포구,1,"마포대로 173-15 (삼성래미안공덕5차아파트(501~505,509))",37.5511905,126.9521825,ArcGIS 지오코딩(주소 지점 일치)
경로당,공덕아이파크(아)경로당,서울특별시 마포구,1,만리재로 36,37.5445435,126.9565332,ArcGIS 지오코딩(주소 지점 일치)
경로당,공덕자이(아)경로당,서울특별시 마포구,1,마포대로24길 16,37.5527915,126.9589311,ArcGIS 지오코딩(주소 지점 일치)
경로당,마포그랑자이경로당 (구.신촌그랑자이경로당),서울특별시 마포구,1,대흥로 175,37.5545371,126.9453397,ArcGIS 지오코딩(주소 지점 일치)
경로당,"마포래미안푸르지오아파트 4단지 경로당, 마포래미안푸르지오아파트 3단지 경로당, 마포래미안푸르지오아파트 2단지 경로당, 마포래미안푸르지오아파트 1단지 경로당",서울특별시 마포구,4,마포대로 195,37.5528116,126.9526067,ArcGIS 지오코딩(주소 지점 일치)
경로당,마포센트럴아이파크 경로당 (구. 아현아이파크 경로당),서울특별시 마포구,1,마포대로 246,37.5557954,126.9585317,ArcGIS 지오코딩(주소 지점 일치)
경로당,마포자이더센트리지 경로당,서울특별시 마포구,1,숭문길 98,37.5504785,126.9491524,ArcGIS 지오코딩(주소 지점 일치)
경로당,마포프레스티지자이 경로당,서울특별시 마포구,1,대흥로24길 24,37.554133,126.9482049,ArcGIS 지오코딩(주소 지점 일치)
경로당,삼성래미안공덕3차 경로당,서울특별시 마포구,1,마포대로7길 22 (삼성래미안공덕3차아파트),37.5485007,126.9513302,ArcGIS 지오코딩(주소 지점 일치)
경로당,삼성래미안공덕4차 경로당,서울특별시 마포구,1,마포대로11길 50 (삼성래미안공덕4차아파트),37.5494062,126.9514612,ArcGIS 지오코딩(주소 지점 일치)
경로당,신촌로경로당,서울특별시 마포구,1,"신촌로12나길 8(연희빌딩, 1층)",37.5553171,126.9329988,ArcGIS 지오코딩(주소 지점 일치)
도서관(공공도서관),소금나루도서관,서울특별시 마포구,1,서울특별시 마포구 숭문길 72,37.5495296,126.9462267,전국도서관표준데이터
도서관(공공도서관),푸르메어린이도서관,서울특별시 마포구,1,"서울특별시 마포구 월드컵북로 494, 1층",37.5846441,126.8805151,전국도서관표준데이터
도서관(어린이도서관),꿈나래어린이영어도서관,서울특별시 마포구,1,"서울특별시 마포구 월드컵로13길 80, 2층",37.5552351,126.9056841,전국도서관표준데이터
도서관(작은도서관),늘푸른소나무도서관,서울특별시 마포구,1,"서울특별시 마포구 백범로 227, 3층",37.5422331,126.9554941,전국도서관표준데이터
도서관(작은도서관),초록숲도서관,서울특별시 마포구,1,"서울특별시 마포구 마포대로11길 44-81, B1층",37.5521611,126.9512251,전국도서관표준데이터
도서관(작은도서관)/도서관(어린이도서관),"복사골도서관, 마포어린이영어도서관",서울특별시 마포구,2,"서울특별시 마포구 도화4길 53, 3~4층",37.5395351,126.9519221,전국도서관표준데이터
경로당,공덕2삼성래미안(아)경로당,서울특별시 마포구 공덕동,1,"마포대로20길 26 (공덕동, 삼성래미안공덕2차아파트)",37.550586,126.9600624,ArcGIS 지오코딩(주소 지점 일치)
경로당,공덕한화꿈에그린(아)경로당,서울특별시 마포구 공덕동,1,"마포대로 10길 22 (공덕동, 마포한화꿈에그린아파트)",37.5474479,126.9559564,ArcGIS 지오코딩(주소 지점 일치)
경로당,공덕현대아파트경로당,서울특별시 마포구 공덕동,1,"마포대로11길 73 (공덕동, 공덕현대아파트)",37.5485806,126.9496855,ArcGIS 지오코딩(주소 지점 일치)
경로당,마포현대(아)경로당,서울특별시 마포구 공덕동,1,"마포대로11길 84 (공덕동, 마포현대아파트)",37.5508332,126.9501345,ArcGIS 지오코딩(주소 지점 일치)
경로당,마포자이2차(아)경로당,서울특별시 마포구 대흥동,1,서강대길 40(대흥동),37.549218,126.9423888,ArcGIS 지오코딩(주소 지점 일치)
경로당,세양(아)경로당,서울특별시 마포구 대흥동,1,"독막로 288 (대흥동, 대흥동세양아파트)",37.5444253,126.9451039,ArcGIS 지오코딩(주소 지점 일치)
경로당,도화현대(아)경로당,서울특별시 마포구 도화동,1,"새창로 52 (도화동, 현대아파트)",37.5394423,126.9539789,ArcGIS 지오코딩(주소 지점 일치)
경로당,마포동원베네스트(아)경로당,서울특별시 마포구 도화동,1,"도화4길 41 (도화동, 마포동원베네스트)",37.5401238,126.9518262,ArcGIS 지오코딩(주소 지점 일치)
경로당,마포삼성(아)경로당,서울특별시 마포구 도화동,1,"도화길 28 (도화동, 마포삼성아파트)",37.5411865,126.9504471,ArcGIS 지오코딩(주소 지점 일치)
경로당,소양경로당,서울특별시 마포구 도화동,1,새창로6다길 22(도화동),37.5403869,126.9535995,ArcGIS 지오코딩(주소 지점 일치)
경로당,우성(아)경로당,서울특별시 마포구 도화동,1,"삼개로33 (도화동, 도화3지구우성아파트)",37.5376172,126.948069,ArcGIS 지오코딩(주소 지점 일치)
경로당,대주(아)경로당,서울특별시 마포구 망원동,1,"동교로3길 115 (망원동, 한강2차대주파크빌)",37.5550041,126.8983591,ArcGIS 지오코딩(주소 지점 일치)
경로당,망원2차대림(아)경로당,서울특별시 마포구 망원동,1,"망원로1길 27 (망원동, 망원2차대림아파트)",37.5571618,126.8996991,ArcGIS 지오코딩(주소 지점 일치)
경로당,망원휴먼빌(아)경로당,서울특별시 마포구 망원동,1,"방울내로 31(망원동, 휴먼빌아파트)",37.5589437,126.8986402,ArcGIS 지오코딩(주소 지점 일치)
경로당,미원아파트2차경로당,서울특별시 마포구 망원동,1,"월드컵로29길 68 (망원동, 망원동2차미원아파트)",37.5589937,126.9023385,ArcGIS 지오코딩(주소 지점 일치)
경로당,송백경로당,서울특별시 마포구 망원동,1,"망원로2길 103 (망원동, 망원1차대림아파트)",37.5532515,126.9043316,ArcGIS 지오코딩(주소 지점 일치)
경로당,공덕5차래미안(아)B경로당,서울특별시 마포구 삼성래미안공덕5차아파트(506~508동,1,마포대로 167 (삼성래미안공덕5차아파트(506~508동),37.5498137,126.9536199,ArcGIS 지오코딩(주소 지점 일치)
경로당,래미안밤섬리베뉴1차(아)경로당,서울특별시 마포구 상수동,1,"독막로20나길 22 (상수동, 래미안밤섬리베뉴1차아파트)",37.5474179,126.9258718,ArcGIS 지오코딩(주소 지점 일치)
경로당,리베뉴2차(아)경로당,서울특별시 마포구 상수동,1,"독막로20나길 21 (상수동, 래미안밤섬리베뉴2차아파트)",37.5467505,126.9264879,ArcGIS 지오코딩(주소 지점 일치)
경로당,상수두산위브(아)경로당,서울특별시 마포구 상수동,1,"독막로18길 5 (상수동, 상수두산위브아파트)",37.5473292,126.9240864,ArcGIS 지오코딩(주소 지점 일치)
경로당,DMC상암센트럴파크2단지 (구. 상암휴먼시아2단지),서울특별시 마포구 상암동,1,"월드컵북로42가길 11 (상암동, 휴먼시아)",37.5752316,126.8966129,ArcGIS 지오코딩(주소 지점 일치)
경로당,DMC센트럴파크아파트1단지경로당 (구.상암휴먼시아1단지(아)경로당),서울특별시 마포구 상암동,1,"월드컵북로43길 11 (상암동, 휴먼시아)",37.57419,126.8965578,ArcGIS 지오코딩(주소 지점 일치)
경로당,상암월드컵파크10단지(아)경로당,서울특별시 마포구 상암동,1,"월드컵북로 502-36 (상암동, 상암월드컵파크10단지아파트)",37.5860158,126.8814686,ArcGIS 지오코딩(주소 지점 일치)
경로당,상암월드컵파크11단지(아)경로당,서울특별시 마포구 상암동,1,"월드컵북로 502-37 (상암동, 상암월드컵파크11단지아파트)",37.5878159,126.8816663,ArcGIS 지오코딩(주소 지점 일치)
경로당,상암월드컵파크12단지(아)경로당,서울특별시 마포구 상암동,1,"월드컵북로 502-7 (상암동, 상암월드컵파크12단지아파트)",37.5860069,126.8799258,ArcGIS 지오코딩(주소 지점 일치)
경로당,상암월드컵파크2단지(아)경로당,서울특별시 마포구 상암동,1,"월드컵북로47길 46 (상암동, 상암월드컵파크2단지아파트)",37.5755568,126.8912157,ArcGIS 지오코딩(주소 지점 일치)
경로당,상암월드컵파크3단지(아)경로당,서울특별시 마포구 상암동,1,"월드컵로 338 (상암동, 상암월드컵파크3단지)",37.5734938,126.8892256,ArcGIS 지오코딩(주소 지점 일치)
경로당,상암월드컵파크4단지(아)경로당,서울특별시 마포구 상암동,1,"상암산로1길 24 (상암동, 상암월드컵파크4단지)",37.5784643,126.889397,ArcGIS 지오코딩(주소 지점 일치)
경로당,상암월드컵파크5단지(아)경로당,서울특별시 마포구 상암동,1,"상암산로1길 52 (상암동, 상암월드컵파크5단지)",37.5799454,126.8868675,ArcGIS 지오코딩(주소 지점 일치)
경로당,상암월드컵파크6단지(아)경로당,서울특별시 마포구 상암동,1,"상암산로1길 57 (상암동, 상암월드컵파크6단지아파트)",37.5780652,126.8871058,ArcGIS 지오코딩(주소 지점 일치)
경로당,상암월드컵파크7단지(아)경로당,서울특별시 마포구 상암동,1,"상암산로1길 92 (상암동, 상암월드컵파크7단지아파트)",37.5814589,126.8819888,ArcGIS 지오코딩(주소 지점 일치)
경로당,상암월드컵파크9단지(아)경로당,서울특별시 마포구 상암동,1,"월드컵북로 501 (상암동, 상암월드컵파크9단지아파트)",37.5841334,126.8793482,ArcGIS 지오코딩(주소 지점 일치)
경로당,상암카이저팰리스클래식경로당,서울특별시 마포구 상암동,1,"월드컵북로47길 37 (상암동, 상암카이저팰리스)",37.5734332,126.8911593,ArcGIS 지오코딩(주소 지점 일치)
경로당,서교푸르지오(아)경로당,서울특별시 마포구 서교동,1,"홍익로 10(서교동, 서교푸르지오)",37.553762,126.9236938,ArcGIS 지오코딩(주소 지점 일치)
경로당,성사1차풍림(아)경로당,서울특별시 마포구 성산동,1,"성암로1길 8 (성산동, 성사1차풍림아파트)",37.5683207,126.9120786,ArcGIS 지오코딩(주소 지점 일치)
경로당,성산2차e-편한세상(아)경로당,서울특별시 마포구 성산동,1,"월드컵북로 216 (성산동, 성산2차e-편한세상)",37.5698661,126.9050693,ArcGIS 지오코딩(주소 지점 일치)
경로당,성산월드타운대림(아)경로당,서울특별시 마포구 성산동,1,"월드컵북로30길 9-22 (성산동, 성산월드타운대림아파트)",37.5695415,126.9080133,ArcGIS 지오코딩(주소 지점 일치)
경로당,월드컵아이파크(아)106동경로당,서울특별시 마포구 성산동,1,"모래내로9길 3 (성산동, 월드컵아이파크)",37.5669076,126.9133393,ArcGIS 지오코딩(주소 지점 일치)
경로당,월드컵아이파크(아)경로당,서울특별시 마포구 성산동,1,"모래내로9길 6 (성산동, 월드컵아이파크)",37.5673751,126.9136384,ArcGIS 지오코딩(주소 지점 일치)
경로당/도서관(작은도서관),"성산시영(아)경로당, 대우경로당, 성산글마루도서관",서울특별시 마포구 성산동,3,"월드컵북로 235 (성산동, 성산시영아파트)",37.568317,126.9051294,ArcGIS 지오코딩(주소 지점 일치)
경로당,마포펜트라우스(아)경로당,서울특별시 마포구 신공덕동,1,"백범로 205 (신공덕동,마포펜트라우스)",37.5435677,126.9540285,ArcGIS 지오코딩(주소 지점 일치)
경로당,브라운스톤공덕(아)경로당,서울특별시 마포구 신공덕동,1,"백범로 230 (신공덕동, 브라운스톤공덕아파트)",37.541417,126.9558341,ArcGIS 지오코딩(주소 지점 일치)
경로당,신공덕삼성1차(아)경로당,서울특별시 마포구 신공덕동,1,"백범로37길 12 (신공덕동, 신공덕1차삼성래미안)",37.5442541,126.9557532,ArcGIS 지오코딩(주소 지점 일치)
경로당,신공덕삼성3차(아)경로당,서울특별시 마포구 신공덕동,1,"만리재로 60 (신공덕동, 신공덕3차삼성래미안)",37.5461525,126.9571842,ArcGIS 지오코딩(주소 지점 일치)
경로당,대원칸타빌(아)경로당,서울특별시 마포구 신수동,1,"창전로2길 10 (신수동, 대원칸타빌아파트)",37.5478896,126.9337682,ArcGIS 지오코딩(주소 지점 일치)
경로당,마포경남아너스빌(아)경로당,서울특별시 마포구 신수동,1,"신수로 81 (신수동, 경남아너스빌)",37.5493263,126.9347729,ArcGIS 지오코딩(주소 지점 일치)
경로당,밤섬경남아너스빌(아)경로당,서울특별시 마포구 신수동,1,"독막로28길 10 (신수동, 밤섬경남아너스빌)",37.5466036,126.9369239,ArcGIS 지오코딩(주소 지점 일치)
경로당,밤섬현대(아)경로당,서울특별시 마포구 신수동,1,"신수로3길 23 (신수동, 현석동밤섬현대아파트)",37.5424582,126.9328007,ArcGIS 지오코딩(주소 지점 일치)
경로당,세양청마루(아)경로당,서울특별시 마포구 신수동,1,"독막로 209 (신수동, 세양청마루아파트)",37.547507,126.9366858,ArcGIS 지오코딩(주소 지점 일치)
경로당,신수현대(아)경로당,서울특별시 마포구 신수동,1,"토정로 242 (신수동, 신수현대아파트)",37.5427093,126.9367261,ArcGIS 지오코딩(주소 지점 일치)
경로당,"신촌삼익(아)경로당, 성원(아)경로당",서울특별시 마포구 신수동,2,"독막로28길 7 (신수동, 성원아파트(신수동))",37.5465536,126.9380631,ArcGIS 지오코딩(주소 지점 일치)
경로당,신촌숲아이파크 경로당,서울특별시 마포구 신수동,1,"광성로 17 (신수동, 신촌숲아이파크)",37.5507325,126.9353446,ArcGIS 지오코딩(주소 지점 일치)
경로당,서강GS(아)경로당,서울특별시 마포구 신정동,1,"창전로 26 (신정동, 서강GS아파트)",37.5445687,126.931921,ArcGIS 지오코딩(주소 지점 일치)
경로당,마포더클래시경로당,서울특별시 마포구 아현동,1,"신촌로28길 50(아현동, 마포더클래시)",37.5556654,126.9519861,ArcGIS 지오코딩(주소 지점 일치)
보건소,아현보건지소,서울특별시 마포구 아현동,1,"서울특별시 마포구 마포대로11길 44-81 (아현동, 아현문화건강센터) 2층 아현보건지소",37.5521268,126.9512971,ArcGIS 지오코딩(주소 지점 일치)
경로당,코오롱하늘채(아)경로당,서울특별시 마포구 연남동,1,"연남로 52 (연남동, 코오롱하늘채아파트)",37.5643563,126.9205347,ArcGIS 지오코딩(주소 지점 일치)
경로당,LG마포자이(아)경로당,서울특별시 마포구 염리동,1,"독막로42길 2 (염리동, 마포자이)",37.5432719,126.9454902,ArcGIS 지오코딩(주소 지점 일치)
경로당,상록(아)경로당,서울특별시 마포구 염리동,1,"숭문길 106( 염리동, 상록아파트)",37.5519945,126.9500517,ArcGIS 지오코딩(주소 지점 일치)
경로당,염리삼성래미안(아)경로당,서울특별시 마포구 염리동,1,"백범로25길 63 (염리동, 삼성래미안아파트)",37.5485642,126.9461369,ArcGIS 지오코딩(주소 지점 일치)
경로당,용강대림2차(아)경로당,서울특별시 마포구 용강동,1,"토정로32길 6 (용강동, e-편한세상)",37.5407973,126.9412866,ArcGIS 지오코딩(주소 지점 일치)
경로당,용강삼성래미안(아)경로당,서울특별시 마포구 용강동,1,"큰우물로 28 (용강동, 래미안아파트)",37.5438789,126.9415929,ArcGIS 지오코딩(주소 지점 일치)
경로당,건영월드컵(아)경로당,서울특별시 마포구 중동,1,"성암로 41 (중동, 건영월드컵아파트)",37.5683106,126.9117459,ArcGIS 지오코딩(주소 지점 일치)
경로당,동원월드타운(아)경로당,서울특별시 마포구 중동,1,"성암로5길 12 (중동, 동원월드타운아파트)",37.5702223,126.9095336,ArcGIS 지오코딩(주소 지점 일치)
경로당,마포중동현대(아)경로당,서울특별시 마포구 중동,1,"성암로 91 (중동, 현대아파트)",37.5709961,126.9073697,ArcGIS 지오코딩(주소 지점 일치)
경로당,성산2차현대(아)경로당,서울특별시 마포구 중동,1,"성암로7길 3 (중동, 성산2차현대아파트)",37.5702994,126.9086691,ArcGIS 지오코딩(주소 지점 일치)
경로당,월드컵참누리(아)경로당,서울특별시 마포구 중동,1,"월드컵북로38길 53 (중동, 월드컵참누리아파트)",37.5730069,126.904184,ArcGIS 지오코딩(주소 지점 일치)
경로당,중동계룡(아)경로당,서울특별시 마포구 중동,1,"월드컵북로38가길 20 (중동, 중동계룡아파트)",37.5707073,126.9052441,ArcGIS 지오코딩(주소 지점 일치)
경로당,중동청구(아)경로당,서울특별시 마포구 중동,1,"성암로11길 60 (중동, 중동청구아파트)",37.5743881,126.9013101,ArcGIS 지오코딩(주소 지점 일치)
경로당,서강쌍용예가(아)경로당,서울특별시 마포구 창전동,1,"독막로 145 (창전동, 서강쌍용예가아파트)",37.5487515,126.9306506,ArcGIS 지오코딩(주소 지점 일치)
경로당,서강해모로아파트 경로당,서울특별시 마포구 창전동,1,"토정로 167 (창전동, 서강해모로아파트)",37.546702,126.9295342,ArcGIS 지오코딩(주소 지점 일치)
경로당,신촌금호(아)경로당,서울특별시 마포구 창전동,1,"서강로9길 19 (창전동, 신촌금호아파트)",37.5525628,126.9324193,ArcGIS 지오코딩(주소 지점 일치)
경로당,신촌태영데시앙(아)경로당,서울특별시 마포구 창전동,1,"서강로9길 45 (창전동, 태영데시앙아파트)",37.5527604,126.931587,ArcGIS 지오코딩(주소 지점 일치)
보건소,서강보건지소,서울특별시 마포구 창전동,1,"서울특별시 마포구 독막로 165 (창전동, 서강동주민센터) 3층 서강보건지소",37.5474861,126.9319392,ArcGIS 지오코딩(주소 지점 일치)
경로당,토정한강삼성(아)경로당,서울특별시 마포구 토정동,1,"토정로32길 11 (토정동, 한강삼성아파트)",37.5394732,126.9413132,ArcGIS 지오코딩(주소 지점 일치)
경로당,한강밤섬자이(아)경로당,서울특별시 마포구 하중동,1,"토정로 158 (하중동, 한강밤섬자이아파트)",37.5445117,126.9290115,ArcGIS 지오코딩(주소 지점 일치)
경로당,강변힐스테이트경로당 (구. 강변현대홈타운(아)경로당),서울특별시 마포구 현석동,1,"신수로 15 (현석동, 강변힐스테이트)",37.5429594,126.9339588,ArcGIS 지오코딩(주소 지점 일치)
경로당,마포 래미안 웰스트림 경로당,서울특별시 마포구 현석동,1,"토정로18길 11 (현석동, 마포 래미안 웰스트림)",37.5424875,126.9356791,ArcGIS 지오코딩(주소 지점 일치)
경로당,e편한세상 홍제가든플라츠 경로당,서울특별시 서대문구,1,서대문구 통일로 505,37.5957294,126.9391176,ArcGIS 지오코딩(주소 지점 일치)
경로당,금송힐스빌경로당,서울특별시 서대문구,1,서대문구 연희로41길 173,37.5960802,126.933229,ArcGIS 지오코딩(주소 지점 일치)
경로당,남가좌쌍용스윗닷홈A경로당,서울특별시 서대문구,1,서대문구 거북골로 91-6,37.5754684,126.9195484,ArcGIS 지오코딩(주소 지점 일치)
경로당,남양A경로당,서울특별시 서대문구,1,서대문구 홍제내길 168,37.5890562,126.9383032,ArcGIS 지오코딩(주소 지점 일치)
경로당,대신경로당,서울특별시 서대문구,1,서대문구 이화여대1안길 20,37.5577108,126.9440361,ArcGIS 지오코딩(주소 지점 일치)
경로당,독립문극동A제2경로당,서울특별시 서대문구,1,서대문구 독립문공원길 95,37.572954,126.954485,ArcGIS 지오코딩(주소 지점 일치)
경로당,동일A경로당,서울특별시 서대문구,1,서대문구 홍은중앙로 81,37.5984516,126.9466456,ArcGIS 지오코딩(주소 지점 일치)
경로당,무악경로당,서울특별시 서대문구,1,서대문구 통일로17길 25,37.5771429,126.9545376,ArcGIS 지오코딩(주소 지점 일치)
경로당,복주경로당,서울특별시 서대문구,1,서대문구 북아현로24길 26,37.5662242,126.9524306,ArcGIS 지오코딩(주소 지점 일치)
경로당,북한산두산위브1차아파트경로당,서울특별시 서대문구,1,서대문구 홍은중앙로3길 9,37.5970669,126.945902,ArcGIS 지오코딩(주소 지점 일치)
경로당,신촌e편한세상1단지경로당,서울특별시 서대문구,1,서대문구 북아현로1가길 20,37.557898,126.9495599,ArcGIS 지오코딩(주소 지점 일치)
경로당,신촌e편한세상2단지경로당,서울특별시 서대문구,1,"서대문구 북아현로1길 17,  203동",37.5581453,126.95295,ArcGIS 지오코딩(주소 지점 일치)
경로당,신촌e편한세상3단지경로당,서울특별시 서대문구,1,"서대문구 북아현로 29, 303동",37.5593372,126.9562658,ArcGIS 지오코딩(주소 지점 일치)
경로당,신촌e편한세상4단지경로당,서울특별시 서대문구,1,"서대문구 신촌로35길 10, 401동",37.5579122,126.9560064,ArcGIS 지오코딩(주소 지점 일치)
경로당,연희파크시니어클럽,서울특별시 서대문구,1,서대문구 홍제천로 136,37.5762643,126.9295978,ArcGIS 지오코딩(주소 지점 일치)
경로당,태영으뜸A경로당,서울특별시 서대문구,1,서대문구 세검정로3길 63,37.5937451,126.9468288,ArcGIS 지오코딩(주소 지점 일치)
경로당,홍은동원베네스트A경로당,서울특별시 서대문구,1,서대문구 홍은중앙로1길 65,37.5995312,126.9437119,ArcGIS 지오코딩(주소 지점 일치)
경로당,홍제현대A경로당,서울특별시 서대문구,1,서대문구 통일로39가길 57,37.5900512,126.9413027,ArcGIS 지오코딩(주소 지점 일치)
경로당,휴먼빌A경로당,서울특별시 서대문구,1,서대문구 거북골로18가길 23,37.5774675,126.9113001,ArcGIS 지오코딩(주소 지점 일치)
경로당,힐스테이트홍은포레스트경로당,서울특별시 서대문구,1,서대문구 가좌로4길 21,37.5865069,126.9241796,ArcGIS 지오코딩(주소 지점 일치)
도서관(공공도서관),이진아기념도서관,서울특별시 서대문구,1,서울특별시 서대문구 독립문공원길 80,37.5729535,126.9555487,전국도서관표준데이터
도서관(작은도서관),논골작은도서관,서울특별시 서대문구,1,"서울특별시 서대문구 연희로41가길 33, 청년미래공동체주택",37.5912562,126.9336552,전국도서관표준데이터
도서관(작은도서관),하늘샘작은도서관,서울특별시 서대문구,1,"서울특별시 서대문구 독립문로 27, 천연보건분소 5층",37.5696039,126.9613146,전국도서관표준데이터
주민센터,북가좌제2동 주민센터,서울특별시 서대문구,1,서울특별시 서대문구 응암로1길 10,37.5814909,126.9111756,ArcGIS 지오코딩(주소 지점 일치)
보건소,가좌보건지소,서울특별시 서대문구 북가좌동,1,"서울특별시 서대문구 수색로 100-55 (북가좌동, 북가좌1동주민센터) 3층",37.5743027,126.9101907,ArcGIS 지오코딩(주소 지점 일치)
보건소,서대문구보건소,서울특별시 서대문구 연희동,1,"서울특별시 서대문구 연희로 242 (연희동, 서대문구보건소), 서대문구청별관 서대문구보건소",37.5786098,126.9362749,ArcGIS 지오코딩(주소 지점 일치)
경로당,강변아파트 경로당,서울특별시 서초구,1,서초구 잠원로166-17,37.5178728,127.0126221,ArcGIS 지오코딩(주소 지점 일치)
경로당,궁전아파트 경로당,서울특별시 서초구,1,서초구 사평대로142,37.5003729,127.0010603,ArcGIS 지오코딩(주소 지점 일치)
경로당,대림아파트 경로당,서울특별시 서초구,1,서초구 바우뫼로7길51,37.4732067,127.0228876,ArcGIS 지오코딩(주소 지점 일치)
경로당,동양고속아파트 경로당,서울특별시 서초구,1,서초구 바우뫼로7길29,37.4710868,127.0232995,ArcGIS 지오코딩(주소 지점 일치)
경로당,디에이치 반포라클라스경로당,서울특별시 서초구,1,서초구 서초중앙로206,37.4997628,127.0127003,ArcGIS 지오코딩(주소 지점 일치)
경로당,래미안 서초에스티지(아)경로당,서울특별시 서초구,1,서초구 서운로 107,37.4926235,127.025603,ArcGIS 지오코딩(주소 지점 일치)
경로당,래미안 신반포리오센트경로당,서울특별시 서초구,1,서초구 잠원로14길 32,37.5183121,127.0144053,ArcGIS 지오코딩(주소 지점 일치)
경로당,래미안 신반포팰리스 경로당,서울특별시 서초구,1,서초구 잠원로8길 35,37.5152087,127.0127897,ArcGIS 지오코딩(주소 지점 일치)
경로당,래미안방배아트힐 경로당,서울특별시 서초구,1,서초구 남부순환로2311-12,37.47826,127.0051501,ArcGIS 지오코딩(주소 지점 일치)
경로당,래미안서초스위트(아) 경로당,서울특별시 서초구,1,서초구 서운로221,37.5020972,127.0198691,ArcGIS 지오코딩(주소 지점 일치)
경로당,래미안퍼스티지시니어클럽 경로당,서울특별시 서초구,1,서초구 반포대로275,37.5022691,126.9950741,ArcGIS 지오코딩(주소 지점 일치)
경로당,롯데캐슬갤럭시1차 경로당,서울특별시 서초구,1,서초구 잠원로14길 3,37.5197199,127.0170167,ArcGIS 지오코딩(주소 지점 일치)
경로당,롯데캐슬갤럭시2차 경로당,서울특별시 서초구,1,서초구 잠원로14길 23,37.5192882,127.0161125,ArcGIS 지오코딩(주소 지점 일치)
경로당,롯데캐슬클래식아파트경희회관 경로당,서울특별시 서초구,1,서초구 서운로197,37.5003322,127.021368,ArcGIS 지오코딩(주소 지점 일치)
경로당,미도1차(아) 경로당,서울특별시 서초구,1,서초구 서초중앙로29길28,37.5010409,127.0091228,ArcGIS 지오코딩(주소 지점 일치)
경로당,미도2차(아) 경로당,서울특별시 서초구,1,서초구 사평대로240,37.5022668,127.0078123,ArcGIS 지오코딩(주소 지점 일치)
경로당,반포래미안아이파크경로당,서울특별시 서초구,1,서초구 서초중앙로220,37.5019372,127.0144134,ArcGIS 지오코딩(주소 지점 일치)
경로당,반포르엘아파트경로당,서울특별시 서초구,1,서초구 신반포로23길 23,37.506526,127.0029333,ArcGIS 지오코딩(주소 지점 일치)
경로당,반포리체 경로당,서울특별시 서초구,1,서초구 고무래로35,37.5029434,127.0130157,ArcGIS 지오코딩(주소 지점 일치)
경로당,반포센트럴자이아파트시니어클럽경로당,서울특별시 서초구,1,서초구 반포대로310-6,37.5078847,127.0008592,ArcGIS 지오코딩(주소 지점 일치)
경로당,반포자이아파트 경로당,서울특별시 서초구,1,서초구 신반포로270,37.5062915,127.0104294,ArcGIS 지오코딩(주소 지점 일치)
경로당,반포힐스테이트 경로당,서울특별시 서초구,1,서초구 신반포로 16길 15-20,37.5005823,126.9968619,ArcGIS 지오코딩(주소 지점 일치)
경로당,방배1차이편한세상 시니어클럽,서울특별시 서초구,1,서초구 서초대로 34길 34,37.4877035,126.9988536,ArcGIS 지오코딩(주소 지점 일치)
경로당,방배그랑자이 아파트 시니어클럽,서울특별시 서초구,1,서초구 방배로21,37.4758018,127.0008958,ArcGIS 지오코딩(주소 지점 일치)
경로당,방배래미안타워 경로당,서울특별시 서초구,1,서초구 남부순환로2183,37.4748673,126.9915968,ArcGIS 지오코딩(주소 지점 일치)
경로당,방배롯데캐슬로제 경로당,서울특별시 서초구,1,서초구 방배로26길41,37.4899385,126.994414,ArcGIS 지오코딩(주소 지점 일치)
경로당,방배롯데캐슬아르떼 경로당,서울특별시 서초구,1,서초구 방배천로 18길 11,37.4828385,126.9836151,ArcGIS 지오코딩(주소 지점 일치)
경로당,방배삼호아파트 경로당,서울특별시 서초구,1,서초구 방배로270,37.4976252,126.9886229,ArcGIS 지오코딩(주소 지점 일치)
경로당,방배서리풀이편한세상실버클럽 경로당,서울특별시 서초구,1,서초구 효령로33길 50,37.4843114,126.9979335,ArcGIS 지오코딩(주소 지점 일치)
경로당,방배현대멤피스2차(아) 경로당,서울특별시 서초구,1,서초구 방배로63,37.4799391,126.998279,ArcGIS 지오코딩(주소 지점 일치)
경로당,보훈 경로당,서울특별시 서초구,1,서초구 방배로27길13,37.4896112,126.9913573,ArcGIS 지오코딩(주소 지점 일치)
경로당,삼풍아파트 경로당,서울특별시 서초구,1,서초구 서초중앙로200,37.4991976,127.0170173,ArcGIS 지오코딩(주소 지점 일치)
경로당,서초5차e편한세상 경로당,서울특별시 서초구,1,서초구 명달로4길30,37.4798073,127.0076474,ArcGIS 지오코딩(주소 지점 일치)
경로당,서초교대e편한세상아파트경로당,서울특별시 서초구,1,서초구 서초중앙로24길33,37.4960071,127.0168542,ArcGIS 지오코딩(주소 지점 일치)
경로당,서초구립 반포1동 경로당,서울특별시 서초구,1,서초구 사평대로55길90 1층,37.5078834,127.0212571,ArcGIS 지오코딩(주소 지점 일치)
경로당,서초구립 방배3동제2 경로당,서울특별시 서초구,1,서초구 남부순환로287길17-4,37.4765239,126.9874431,ArcGIS 지오코딩(주소 지점 일치)
경로당,서초그랑자이 시니어클럽,서울특별시 서초구,1,서초구 효령로 391,37.4893394,127.0265224,ArcGIS 지오코딩(주소 지점 일치)
경로당,서초네이처힐2단지아파트 경로당,서울특별시 서초구,1,서초구 형촌길 15,37.4630127,127.0220061,ArcGIS 지오코딩(주소 지점 일치)
경로당,서초네이처힐3단지아파트 경로당,서울특별시 서초구,1,서초구 태봉로2길60,37.4626695,127.0272276,ArcGIS 지오코딩(주소 지점 일치)
경로당,서초네이처힐4단지아파트 경로당,서울특별시 서초구,1,서초구 태봉로2길65,37.4629469,127.0267711,ArcGIS 지오코딩(주소 지점 일치)
경로당,서초네이처힐5단지아파트 경로당,서울특별시 서초구,1,서초구 태봉로2길5,37.4622957,127.0261063,ArcGIS 지오코딩(주소 지점 일치)
경로당,서초동 현대아파트 경로당,서울특별시 서초구,1,서초구 효령로72길 14,37.4872168,127.025795,ArcGIS 지오코딩(주소 지점 일치)
경로당,서초래미안아파트 경로당,서울특별시 서초구,1,서초구 서초대로65길13-10,37.4996599,127.0177874,ArcGIS 지오코딩(주소 지점 일치)
경로당,서초롯데캐슬프레지던트(아) 경로당,서울특별시 서초구,1,서초구 서초중앙로24길57,37.496676,127.0202611,ArcGIS 지오코딩(주소 지점 일치)
경로당,서초삼성래미안 경로당,서울특별시 서초구,1,서초구 사임당로17길116,37.4933075,127.0190889,ArcGIS 지오코딩(주소 지점 일치)
경로당,서초자이아파트 경로당,서울특별시 서초구,1,서초구 효령로68길81,37.485192,127.0196393,ArcGIS 지오코딩(주소 지점 일치)
경로당,서초캐슬리버티아파트 경로당,서울특별시 서초구,1,서초구 사임당로10길39,37.4871952,127.0166655,ArcGIS 지오코딩(주소 지점 일치)
경로당,서초트라팰리스아파트 경로당,서울특별시 서초구,1,서초구 효령로72길57,37.4865661,127.0288029,ArcGIS 지오코딩(주소 지점 일치)
경로당,서초포레스타2단지(아) 경로당,서울특별시 서초구,1,서초구 헌릉로8길 45,37.4545872,127.0621708,ArcGIS 지오코딩(주소 지점 일치)
경로당,서초포레스타5단지(아) 경로당,서울특별시 서초구,1,서초구 청계산로7길43,37.4509941,127.0573068,ArcGIS 지오코딩(주소 지점 일치)
경로당,서초푸르지오써밋시니어클럽경로당,서울특별시 서초구,1,서초구 서운로201,37.5014199,127.0207461,ArcGIS 지오코딩(주소 지점 일치)
경로당,서초현대아파트 경로당,서울특별시 서초구,1,서초구 사임당로19길10,37.4911935,127.0205419,ArcGIS 지오코딩(주소 지점 일치)
경로당,성촌경로당,서울특별시 서초구,1,서초구 성촌6길1,37.4671998,127.0206665,ArcGIS 지오코딩(주소 지점 일치)
경로당,신동아아파트 경로당,서울특별시 서초구,1,서초구 효령로164,37.4814475,127.0021321,ArcGIS 지오코딩(주소 지점 일치)
경로당,신반포16차아파트 경로당,서울특별시 서초구,1,서초구 잠원로 157,37.5172786,127.0102233,ArcGIS 지오코딩(주소 지점 일치)
경로당,신반포자이아파트경로당,서울특별시 서초구,1,서초구 잠원로60,37.5102496,127.0086247,ArcGIS 지오코딩(주소 지점 일치)
경로당,신반포청구아파트 경로당,서울특별시 서초구,1,서초구 신반포로33길66,37.514402,127.0084914,ArcGIS 지오코딩(주소 지점 일치)
경로당,아크로리버뷰신반포아파트경로당,서울특별시 서초구,1,서초구 잠원로117,37.5145189,127.0069957,ArcGIS 지오코딩(주소 지점 일치)
경로당,아크로리버파크 시니어클럽,서울특별시 서초구,1,서초구 신반포로15길19,37.5060373,126.994564,ArcGIS 지오코딩(주소 지점 일치)
경로당,엠브이아파트 경로당,서울특별시 서초구,1,서초구 고무래로10길39,37.4991656,127.0102514,ArcGIS 지오코딩(주소 지점 일치)
경로당,우면형촌 경로당,서울특별시 서초구,1,서초구 형촌10길3,37.4661517,127.0196778,ArcGIS 지오코딩(주소 지점 일치)
경로당,우성5차아파트 경로당,서울특별시 서초구,1,서초구 서초대로74길30,37.4950903,127.0268041,ArcGIS 지오코딩(주소 지점 일치)
경로당,우성아파트 경로당,서울특별시 서초구,1,서초구 바우뫼로99,37.4747886,127.0320819,ArcGIS 지오코딩(주소 지점 일치)
경로당,원베일리 시니어클럽,서울특별시 서초구,1,서초구 반포대로 333,37.5060591,126.997582,ArcGIS 지오코딩(주소 지점 일치)
경로당,월드메르디앙아파트 경로당,서울특별시 서초구,1,서초구 신반포로45길71,37.5124051,127.0162685,ArcGIS 지오코딩(주소 지점 일치)
경로당,유원서초아파트 경로당,서울특별시 서초구,1,서초구 서초중앙로24길43,37.4963833,127.017254,ArcGIS 지오코딩(주소 지점 일치)
경로당,임광1.2차아파트 경로당,서울특별시 서초구,1,서초구 방배로14,37.4769347,127.0013727,ArcGIS 지오코딩(주소 지점 일치)
경로당,임광3차아파트 경로당,서울특별시 서초구,1,서초구 방배로2길24-5,37.4762433,127.0033653,ArcGIS 지오코딩(주소 지점 일치)
경로당,잠원동아아파트 경로당,서울특별시 서초구,1,서초구 신반포로33길 15,37.5090365,127.0089092,ArcGIS 지오코딩(주소 지점 일치)
경로당,잠원한신아파트 경로당,서울특별시 서초구,1,서초구 잠원로150,37.5156185,127.0103933,ArcGIS 지오코딩(주소 지점 일치)
경로당,잠원훼미리아파트 경로당,서울특별시 서초구,1,서초구 잠원로202-11,37.5192317,127.0143828,ArcGIS 지오코딩(주소 지점 일치)
경로당,코오롱아파트 경로당,서울특별시 서초구,1,서초구 바우뫼로53,37.4731148,127.0281902,ArcGIS 지오코딩(주소 지점 일치)
경로당,킴스빌리지아파트 경로당,서울특별시 서초구,1,서초구 잠원로3길 6,37.5107832,127.0065014,ArcGIS 지오코딩(주소 지점 일치)
경로당,한강아파트 경로당,서울특별시 서초구,1,서초구 잠원로213-10,37.5213687,127.0152926,ArcGIS 지오코딩(주소 지점 일치)
경로당,한라아파트 경로당,서울특별시 서초구,1,서초구 바우뫼로33,37.4708511,127.0256245,ArcGIS 지오코딩(주소 지점 일치)
경로당,한신서래아파트 경로당,서울특별시 서초구,1,서초구 사평대로28길31,37.4999388,127.0000769,ArcGIS 지오코딩(주소 지점 일치)
도서관(공공도서관),우면도서관,서울특별시 서초구,1,서울특별시 서초구 양재대로2길 110,37.4615309,127.0320697,전국도서관표준데이터
경로당,반포써밋시니어클럽 경로당,"서울특별시 서초구 고무래로89,105동",1,"서초구 고무래로89,105동 1층",37.5013097,127.0176994,ArcGIS 지오코딩(주소 지점 일치)
보건소,서초보건지소,서울특별시 서초구 서초동,1,"서울특별시 서초구 서초대로38길 12 (서초동, 마제스타시티, 힐스테이트 서리풀), 타워 원 서초보건지소",37.4899667,127.0051224,ArcGIS 지오코딩(주소 지점 일치)
경로당,금호한신실버문화센터,서울특별시 성동구,1,서울시 성동구 금호산길 27,37.5505495,127.0170883,ArcGIS 지오코딩(주소 지점 일치)
도서관(공공도서관),"금호2,3가동어린이작은도서관",서울특별시 성동구,1,서울특별시 성동구 금호동2가 무수막18길 1,37.553233,127.0208504,전국도서관표준데이터
도서관(공공도서관),금호4가동어린이작은도서관,서울특별시 성동구,1,서울특별시 성동구 금호동4가 독서당로46길 26 금호4가동주민센터,37.5471552,127.0224398,전국도서관표준데이터
도서관(공공도서관),마장동작은도서관,서울특별시 성동구,1,서울특별시 성동구 마장동 마장로42길 11 마장동주민센터,37.5663183,127.0454072,전국도서관표준데이터
도서관(공공도서관),사근동어린이놀이터도서관,서울특별시 성동구,1,서울특별시 성동구 사근동 사근동길 37 사근동공공복합청사,37.5614998,127.0453273,전국도서관표준데이터
도서관(공공도서관),성동구립금호도서관,서울특별시 성동구,1,서울특별시 성동구 금호동1가 난계로 20 금호작은도서관,37.5541285,127.0248932,전국도서관표준데이터
도서관(공공도서관),성동구립무지개도서관,서울특별시 성동구,1,서울특별시 성동구 행당동 고산자로 270 성동구청 3.층,37.5631893,127.0370738,전국도서관표준데이터
도서관(공공도서관),성동구립용답도서관,서울특별시 성동구,1,서울특별시 성동구 용답동 용답중앙3길 10 성동구립용답도서관,37.5667015,127.051314,전국도서관표준데이터
도서관(공공도서관),"성동구립청계도서관, 왕십리도선동희망문고",서울특별시 성동구,2,서울특별시 성동구 상왕십리동 마장로 141 왕십리도선동복합청사 5~6층,37.5678739,127.0255271,전국도서관표준데이터
도서관(공공도서관),성동자활센터푸른하늘공부방청소년작은도서관,서울특별시 성동구,1,서울특별시 성동구 금호동4가 독서당로 272 금호동 대우 아파트 203동,37.5467002,127.0227395,전국도서관표준데이터
도서관(공공도서관),성수1가제2동어린이작은도서관,서울특별시 성동구,1,서울특별시 성동구 성수동1가 왕십리로5길 3,37.546403,127.0443495,전국도서관표준데이터
도서관(공공도서관),성수2가제1동어린이작은도서관,서울특별시 성동구,1,서울특별시 성동구 성수동2가 뚝섬로 385-19 성수2가제1동주민센터,37.539501,127.054051,전국도서관표준데이터
도서관(공공도서관),용답동어린이작은도서관,서울특별시 성동구,1,서울특별시 성동구 용답동 용답중앙23길 20 용답동주민센터,37.564066,127.055517,전국도서관표준데이터
도서관(공공도서관),응봉동어린이작은도서관,서울특별시 성동구,1,서울특별시 성동구 응봉동 독서당로 424,37.553118,127.033401,전국도서관표준데이터
도서관(공공도서관),행당제2동어린이작은도서관,서울특별시 성동구,1,서울특별시 성동구 행당동 행당로9길 9 행당제2동주민센터,37.5581098,127.0294148,전국도서관표준데이터
경로당,금호어울림(아)경로당,서울특별시 성동구 마장동,1,"마조로 57(마장동, 금호어울림아파트) 관리사무소 1층",37.5634193,127.0409667,ArcGIS 지오코딩(주소 지점 일치)
경로당,마장대성유니드 (아)경로당,서울특별시 성동구 마장동,1,"마장로37길 7(마장동, 마장대성유니드아파트) 103동 앞",37.5667941,127.0392173,ArcGIS 지오코딩(주소 지점 일치)
경로당,신성(아)경로당,서울특별시 성동구 마장동,1,"마장로39길 43(마장동, 신성아파트) 103동 1층",37.5695616,127.044077,ArcGIS 지오코딩(주소 지점 일치)
경로당,강변동양(아)경로당,서울특별시 성동구 성수1가1동,1,"둘레길 21(성수1가1동, 강변동양아파트) 101동 지하1층",37.5376627,127.0466506,ArcGIS 지오코딩(주소 지점 일치)
경로당,트리마제  시니어라운지,서울특별시 성동구 성수1가1동,1,"왕십리로 16(성수1가1동, 트리마제)",37.5383636,127.0450578,ArcGIS 지오코딩(주소 지점 일치)
경로당,뚝섬중앙하이츠빌,서울특별시 성동구 성수1가2동,1,"상원길 47(성수1가2동, 뚝섬중앙하이츠빌아파트) 101동 옆",37.5480395,127.0479102,ArcGIS 지오코딩(주소 지점 일치)
보건소,성수보건지소,서울특별시 성동구 성수동1가,1,"서울특별시 성동구 왕십리로5길 3 (성수동1가, 성수1가제2동 공공복합청사) 4층",37.5464025,127.0443496,ArcGIS 지오코딩(주소 지점 일치)
경로당,송정동경로당,서울특별시 성동구 송정동,1,송정길 93-2(송정동),37.5532052,127.0676304,ArcGIS 지오코딩(주소 지점 일치)
보건소,송정보건지소,서울특별시 성동구 송정동,1,"서울특별시 성동구 송정18가길 9 (송정동, 송정동 공공복합청사) 3층",37.5532205,127.0683585,ArcGIS 지오코딩(주소 지점 일치)
경로당,극동미라주(아)제2,서울특별시 성동구 왕십리2동,1,"난계로 73(왕십리2동, 극동미라주아파트) 104동 1층",37.5579779,127.0232301,ArcGIS 지오코딩(주소 지점 일치)
보건소,성동구보건소,서울특별시 성동구 홍익동,1,"서울특별시 성동구 마장로23길 10 (홍익동, 성동구보건소) 성동구보건소",37.56708,127.0332142,ArcGIS 지오코딩(주소 지점 일치)
경로당,공청경로당,서울특별시 성북구,1,정릉로26가길 24-2,37.6029295,127.0116856,ArcGIS 지오코딩(주소 지점 일치)
경로당,꿈의숲코오롱하늘채아파트경로당,서울특별시 성북구,1,돌곶이로 220,37.6197166,127.0458449,ArcGIS 지오코딩(주소 지점 일치)
경로당,남종경로당,서울특별시 성북구,1,월곡로 64-20,37.5976988,127.0403617,ArcGIS 지오코딩(주소 지점 일치)
경로당,롯데캐슬클라시아아파트 경로당,서울특별시 성북구,1,"숭인로 8길 80, 110동 앞",37.6065169,127.0249504,ArcGIS 지오코딩(주소 지점 일치)
경로당,보문동동망봉할머니경로당,서울특별시 성북구,1,보문사길 30,37.5838599,127.017071,ArcGIS 지오코딩(주소 지점 일치)
경로당,보문파크뷰자이경로당,서울특별시 성북구,1,"보문사길 111, 자이안 센터 지하 5층",37.579153,127.0186369,ArcGIS 지오코딩(주소 지점 일치)
경로당,보문하우스토리경로당,서울특별시 성북구,1,"고려대로2길 37, 102동 1층",37.5843732,127.0208558,ArcGIS 지오코딩(주소 지점 일치)
경로당,브라운스톤동선(아)경로당,서울특별시 성북구,1,"아리랑로5길 25, 102동 1층",37.5965219,127.0134751,ArcGIS 지오코딩(주소 지점 일치)
경로당,성북힐스테이트경로당,서울특별시 성북구,1,"동소문로44길 43, 101동 1 층",37.6065464,127.0303771,ArcGIS 지오코딩(주소 지점 일치)
경로당,성암(전:성북2동)경로당,서울특별시 성북구,1,성북로16가길 4,37.5939601,127.0005612,ArcGIS 지오코딩(주소 지점 일치)
경로당,쌍용스카이(아)경로당,서울특별시 성북구,1,북악산로 828 쌍용스카이(아) 관리동 내,37.5992881,127.0174902,ArcGIS 지오코딩(주소 지점 일치)
경로당,이편한세상보문경로당,서울특별시 성북구,1,낙산길 255 이편한세상 보문아파트 101동 1층,37.5821409,127.0153509,ArcGIS 지오코딩(주소 지점 일치)
경로당,장곡향나무경로당,서울특별시 성북구,1,장월로23길 47-20,37.6168328,127.046223,ArcGIS 지오코딩(주소 지점 일치)
경로당,정릉2동 동행경로당,서울특별시 성북구,1,정릉로24가길 7-1,37.6037822,127.0086071,ArcGIS 지오코딩(주소 지점 일치)
경로당,정릉2차대주피오레(아)경로당,서울특별시 성북구,1,아리랑로19길 86  대주피오레(아)202동 1층,37.6013171,127.0089356,ArcGIS 지오코딩(주소 지점 일치)
경로당,정릉3동경로당,서울특별시 성북구,1,보국문로17길 18-6,37.6111946,127.0076295,ArcGIS 지오코딩(주소 지점 일치)
경로당,정릉4동중앙하이츠(아)경로당,서울특별시 성북구,1,보국문로32길 53 단지내,37.6193748,127.0023057,ArcGIS 지오코딩(주소 지점 일치)
경로당,정릉중앙하이츠빌2단지(아)경로당,서울특별시 성북구,1,정릉로26길 8 정릉중앙하이츠빌2단지,37.6039568,127.0109747,ArcGIS 지오코딩(주소 지점 일치)
경로당,정릉힐스테이트1차(아)경로당,서울특별시 성북구,1,북악산로 825-24  정릉힐스테이트(아)단지 내,37.6002933,127.0171069,ArcGIS 지오코딩(주소 지점 일치)
보건소,동선도시보건지소,서울특별시 성북구 동소문동6가,1,"서울특별시 성북구 아리랑로3길 8 (동소문동6가, 성북구보건지소 ,동선보건지소) 동선보건지소",37.5936081,127.015754,ArcGIS 지오코딩(주소 지점 일치)
보건소,장위석관보건지소,서울특별시 성북구 석관동,1,"서울특별시 성북구 한천로 568 (석관동, 장위석관보건지소) 장위석관보건지소",37.6104732,127.0634208,ArcGIS 지오코딩(주소 지점 일치)
경로당,꿈의숲아이파크경로당,서울특별시 성북구 장위1동,1,돌곶이로40길 46 꿈의숲아이파크(장위1동) 714동 1층,37.6184347,127.0472309,ArcGIS 지오코딩(주소 지점 일치)
보건소,정릉보건지소,서울특별시 성북구 정릉동,1,"서울특별시 성북구 보국문로4길 8 (정릉동, 대진빌딩) 정릉보건지소",37.6052296,127.0119867,ArcGIS 지오코딩(주소 지점 일치)
도서관(공공도서관),서울특별시교육청송파도서관,서울특별시 송파구,1,서울특별시 송파구 동남로 263,37.499931,127.1348112,전국도서관표준데이터
경로당,가락1센트레빌,서울특별시 송파구 가락동,1,송파구 송파대로37길 29 (가락동),37.5000887,127.1085117,ArcGIS 지오코딩(주소 지점 일치)
경로당,가락2쌍용,서울특별시 송파구 가락동,1,송파구 동남로 189 (가락동),37.4946614,127.1298537,ArcGIS 지오코딩(주소 지점 일치)
경로당,가락극동,서울특별시 송파구 가락동,1,송파구 동남로 208 (가락동),37.4958025,127.1314297,ArcGIS 지오코딩(주소 지점 일치)
경로당,가락금호(아),서울특별시 송파구 가락동,1,송파구 송파대로32길 15 (가락동),37.4953876,127.1169816,ArcGIS 지오코딩(주소 지점 일치)
경로당,가락본동 가락골,서울특별시 송파구 가락동,1,"송파구 송이로17길 24, 나동 지하1층 1호 (가락동)",37.4992599,127.1233367,ArcGIS 지오코딩(주소 지점 일치)
경로당,가락본센트레빌,서울특별시 송파구 가락동,1,송파구 송파대로32길 33 (가락동),37.4975245,127.1158661,ArcGIS 지오코딩(주소 지점 일치)
경로당,가락풍림(아),서울특별시 송파구 가락동,1,송파구 중대로16길 15 (가락동),37.4956397,127.1260459,ArcGIS 지오코딩(주소 지점 일치)
경로당,삼환,서울특별시 송파구 가락동,1,송파구 오금로 432 (가락동),37.4940747,127.1366611,ArcGIS 지오코딩(주소 지점 일치)
경로당,프라자(아),서울특별시 송파구 가락동,1,송파구 문정로 125 (가락동),37.4920806,127.1343253,ArcGIS 지오코딩(주소 지점 일치)
경로당,"거여4단지, 동아효성",서울특별시 송파구 거여동,2,송파구 양산로8길 18 (거여동),37.4911388,127.145805,ArcGIS 지오코딩(주소 지점 일치)
경로당,거여현대3차,서울특별시 송파구 거여동,1,송파구 거마로 43 (거여동),37.4968632,127.1456728,ArcGIS 지오코딩(주소 지점 일치)
경로당,송파레이크파크호반써밋Ⅱ,서울특별시 송파구 거여동,1,"송파구 위례송파로80(거여동, 송파레이크파크호반써밋Ⅱ)",37.4849417,127.1419181,ArcGIS 지오코딩(주소 지점 일치)
경로당,송파위례호반12단지,서울특별시 송파구 거여동,1,"송파구 위례송파로40(거여동, 송파레이크파크 호반써밋 1)",37.4832429,127.1382319,ArcGIS 지오코딩(주소 지점 일치)
보건소,송파구보건지소,서울특별시 송파구 거여동,1,"서울특별시 송파구 양산로 5 (거여동, 송파구 보건지소) 보건지소",37.4897703,127.142671,ArcGIS 지오코딩(주소 지점 일치)
경로당,금호,서울특별시 송파구 마천동,1,송파구 마천로57길 16 (마천동),37.4946881,127.1533694,ArcGIS 지오코딩(주소 지점 일치)
경로당,송파보훈,서울특별시 송파구 마천동,1,송파구 성내천로 306(마천동),37.4936544,127.1555396,ArcGIS 지오코딩(주소 지점 일치)
경로당,송파파크데일1단지,서울특별시 송파구 마천동,1,송파구 성내천로37길 37(마천동),37.4983291,127.158989,ArcGIS 지오코딩(주소 지점 일치)
경로당,문정건영,서울특별시 송파구 문정동,1,송파구 새말로8길 12 (문정동),37.4812617,127.1257396,ArcGIS 지오코딩(주소 지점 일치)
경로당,문정대우1차,서울특별시 송파구 문정동,1,송파구 문정로 55(문정동),37.4867642,127.1275978,ArcGIS 지오코딩(주소 지점 일치)
경로당,문정대우3차,서울특별시 송파구 문정동,1,송파구 송이로 257(문정동),37.4874595,127.1329632,ArcGIS 지오코딩(주소 지점 일치)
경로당,문정시영(아),서울특별시 송파구 문정동,1,송파구 송이로31길 52 (문정동),37.4913057,127.1355073,ArcGIS 지오코딩(주소 지점 일치)
경로당,힐스편한,서울특별시 송파구 문정동,1,송파구 송이로31길 20(문정동),37.4888698,127.1352477,ArcGIS 지오코딩(주소 지점 일치)
경로당,몽촌,서울특별시 송파구 방이동,1,송파구 백제고분로 489 (방이동),,,
경로당,방이,서울특별시 송파구 방이동,1,송파구 가락로39길 11 (방이동),37.5119093,127.1177083,ArcGIS 지오코딩(주소 지점 일치)
경로당,신구블레스밸리,서울특별시 송파구 방이동,1,송파구 위례성대로12길 25 (방이동),37.5112698,127.1226704,ArcGIS 지오코딩(주소 지점 일치)
경로당,올림픽베어스타운,서울특별시 송파구 방이동,1,송파구 위례성대로 58 (방이동),37.515006,127.1186288,ArcGIS 지오코딩(주소 지점 일치)
경로당,코오롱,서울특별시 송파구 방이동,1,송파구 오금로31길 27 (방이동),37.5086092,127.1225742,ArcGIS 지오코딩(주소 지점 일치)
경로당,래미안송파파인탑,서울특별시 송파구 송파동,1,송파구 오금로32길 31(송파동),37.5034387,127.1195867,ArcGIS 지오코딩(주소 지점 일치)
경로당,삼익(아),서울특별시 송파구 송파동,1,송파구 오금로 252 (송파동),37.5055786,127.1211915,ArcGIS 지오코딩(주소 지점 일치)
경로당,성지,서울특별시 송파구 송파동,1,송파구 송이로12길 17 (송파동),37.5000118,127.1164574,ArcGIS 지오코딩(주소 지점 일치)
도서관(공공도서관),소나무언덕4호작은도서관,서울특별시 송파구 송파동,1,서울특별시 송파구 송이로 34 (송파동),37.502207,127.116836,전국도서관표준데이터
경로당,잠실I-SPACE,서울특별시 송파구 신천동,1,송파구 오금로 58 (신천동),37.5167605,127.1054653,ArcGIS 지오코딩(주소 지점 일치)
경로당,잠실더샵스타파크,서울특별시 송파구 신천동,1,송파구 올림픽로35가길 10(신천동),37.5166725,127.1022295,ArcGIS 지오코딩(주소 지점 일치)
경로당,장미,서울특별시 송파구 신천동,1,송파구 올림픽로35길104(신천동),37.5191307,127.1015434,ArcGIS 지오코딩(주소 지점 일치)
경로당,한신코아,서울특별시 송파구 신천동,1,송파구 올림픽로35가길 11 (신천동),37.5163298,127.1040605,ArcGIS 지오코딩(주소 지점 일치)
경로당,누에머리,서울특별시 송파구 오금동,1,송파구 문정로 271 (오금동),37.5021447,127.1427647,ArcGIS 지오코딩(주소 지점 일치)
경로당,오금대림,서울특별시 송파구 오금동,1,송파구 위례성대로 176 (오금동),37.5100978,127.1301176,ArcGIS 지오코딩(주소 지점 일치)
경로당,잠전,서울특별시 송파구 잠실동,1,송파구 백제고분로15길 7 (잠실동),37.5062192,127.0841783,ArcGIS 지오코딩(주소 지점 일치)
경로당,현대(아),서울특별시 송파구 잠실동,1,송파구 백제고분로18길 7(잠실동),37.5041147,127.0852077,ArcGIS 지오코딩(주소 지점 일치)
경로당,파인타운10단지,서울특별시 송파구 장지동,1,송파구 송파대로8길 20 (장지동),37.4778183,127.1317365,ArcGIS 지오코딩(주소 지점 일치)
경로당,파인타운11단지,서울특별시 송파구 장지동,1,송파구 송파대로8길 58 (장지동),37.4804575,127.1332508,ArcGIS 지오코딩(주소 지점 일치)
경로당,파인타운1단지,서울특별시 송파구 장지동,1,송파구 충민로 188 (장지동),37.4864508,127.1340311,ArcGIS 지오코딩(주소 지점 일치)
경로당,파인타운2단지,서울특별시 송파구 장지동,1,송파구 충민로 151 (장지동),37.4844526,127.1311434,ArcGIS 지오코딩(주소 지점 일치)
경로당,파인타운4단지,서울특별시 송파구 장지동,1,송파구 새말로12길 16(장지동),37.4820278,127.1301293,ArcGIS 지오코딩(주소 지점 일치)
경로당,파인타운5단지,서울특별시 송파구 장지동,1,송파구 충민로4길 5(장지동),37.4802384,127.1301479,ArcGIS 지오코딩(주소 지점 일치)
경로당,파인타운6단지,서울특별시 송파구 장지동,1,송파구 충민로6길 14(장지동),37.4801481,127.1323261,ArcGIS 지오코딩(주소 지점 일치)
경로당,파인타운7단지,서울특별시 송파구 장지동,1,송파구 충민로4길 19 (장지동),37.4792099,127.1299526,ArcGIS 지오코딩(주소 지점 일치)
경로당,파인타운8단지,서울특별시 송파구 장지동,1,송파구 충민로4길 6(장지동),37.479116,127.1292681,ArcGIS 지오코딩(주소 지점 일치)
경로당,파인타운9단지,서울특별시 송파구 장지동,1,송파구 송파대로8길 17 (장지동),37.4785889,127.1296454,ArcGIS 지오코딩(주소 지점 일치)
경로당,신성노바빌,서울특별시 송파구 풍납동,1,송파구 한가람로 468 (풍납동),37.5383136,127.1168793,ArcGIS 지오코딩(주소 지점 일치)
경로당,풍납제2,서울특별시 송파구 풍납동,1,송파구 바람드리9길 18-1(풍납동),37.5389958,127.1199027,ArcGIS 지오코딩(주소 지점 일치)
경로당,풍산,서울특별시 송파구 풍납동,1,송파구 토성로 37 (풍납동),37.5301951,127.114522,ArcGIS 지오코딩(주소 지점 일치)
경로당,한두,서울특별시 양천구,1,"목동중앙북로8라길 28, B01호",37.5465624,126.8636496,ArcGIS 지오코딩(주소 지점 일치)
도서관(작은도서관),모새미작은도서관,서울특별시 양천구,1,서울특별시 양천구 목동중앙서로7길 16-18,37.5336179,126.867173,전국도서관표준데이터
도서관(작은도서관),"새아름작은도서관, 넓은들작은도서관",서울특별시 양천구,2,서울특별시 양천구 남부순환로 88길 5-7,37.511433,126.841513,전국도서관표준데이터
도서관(작은도서관),호롱불작은도서관,서울특별시 양천구,1,서울특별시 양천구 목동동로 152,37.519195,126.870565,전국도서관표준데이터
경로당,금강에스쁘아(아),서울특별시 양천구 목동,1,목동중앙본로 15(목동),37.5379365,126.8714755,ArcGIS 지오코딩(주소 지점 일치)
경로당,금호타운아파트,서울특별시 양천구 목동,1,목동중앙남로3길 11(목동),37.5361087,126.8671537,ArcGIS 지오코딩(주소 지점 일치)
경로당,나말,서울특별시 양천구 목동,1,목동중앙남로 97(목동),,,
경로당,대원칸타빌(아),서울특별시 양천구 목동,1,목동중앙로 11(목동),37.5321843,126.867884,ArcGIS 지오코딩(주소 지점 일치)
경로당,롯데캐슬위너,서울특별시 양천구 목동,1,목동중앙북로 38(목동),37.5472205,126.8676944,ArcGIS 지오코딩(주소 지점 일치)
경로당,목동금호어울림(아),서울특별시 양천구 목동,1,목동중앙서로 37(목동),37.5340726,126.8679894,ArcGIS 지오코딩(주소 지점 일치)
경로당,목동금호제1차,서울특별시 양천구 목동,1,목동동로 258(목동),37.5249605,126.8750057,ArcGIS 지오코딩(주소 지점 일치)
경로당,목동롯데캐슬마에스트로,서울특별시 양천구 목동,1,목동중앙북로8길 71(목동),37.5448389,126.8660145,ArcGIS 지오코딩(주소 지점 일치)
경로당,목동현대1차(아),서울특별시 양천구 목동,1,목동동로 240(목동),37.5256216,126.8732068,ArcGIS 지오코딩(주소 지점 일치)
경로당,목동현대하이페리온,서울특별시 양천구 목동,1,목동동로 257(목동),37.5271635,126.8755909,ArcGIS 지오코딩(주소 지점 일치)
경로당,부영그린타운2차(아),서울특별시 양천구 목동,1,목동동로 401(목동),37.5363752,126.8811264,ArcGIS 지오코딩(주소 지점 일치)
경로당,부영그린타운3차(아),서울특별시 양천구 목동,1,목동동로 411(목동),37.5367262,126.8822137,ArcGIS 지오코딩(주소 지점 일치)
경로당,새말,서울특별시 양천구 목동,1,목동중앙본로2길 13-11(목동),37.5398021,126.8701069,ArcGIS 지오코딩(주소 지점 일치)
경로당,양화,서울특별시 양천구 목동,1,목동중앙북로16길 34-4(목동),37.5447308,126.8736112,ArcGIS 지오코딩(주소 지점 일치)
경로당,용왕,서울특별시 양천구 목동,1,목동중앙북로24길 1-31(목동),37.5462019,126.8797668,ArcGIS 지오코딩(주소 지점 일치)
경로당,월촌,서울특별시 양천구 목동,1,목동중앙본로28길 37(목동),37.5433047,126.8724665,ArcGIS 지오코딩(주소 지점 일치)
경로당,청목(목1동 구립),서울특별시 양천구 목동,1,오목로 320-1(목동),37.5243277,126.8727969,ArcGIS 지오코딩(주소 지점 일치)
경로당,경복,서울특별시 양천구 신월동,1,남부순환로54길 55-20(신월동),37.5309063,126.8256082,ArcGIS 지오코딩(주소 지점 일치)
경로당,금실,서울특별시 양천구 신월동,1,"지양로7길 27-14(신월동, 건우주택)",37.5193389,126.8316229,ArcGIS 지오코딩(주소 지점 일치)
경로당,길훈(아),서울특별시 양천구 신월동,1,지양로 101(신월동),37.5239272,126.8314703,ArcGIS 지오코딩(주소 지점 일치)
경로당,당곡,서울특별시 양천구 신월동,1,오목로 64-27(신월동) 1층,37.5220772,126.8450163,ArcGIS 지오코딩(주소 지점 일치)
경로당,성원(아),서울특별시 양천구 신월동,1,곰달래로2길 16(신월동),37.5279474,126.8343169,ArcGIS 지오코딩(주소 지점 일치)
경로당,신곡,서울특별시 양천구 신월동,1,중앙로 55길 51(신월동),37.5256195,126.8435589,ArcGIS 지오코딩(주소 지점 일치)
경로당,신안파크(아),서울특별시 양천구 신월동,1,지양로15길 20(신월동),37.5226943,126.8299649,ArcGIS 지오코딩(주소 지점 일치)
경로당,갈산,서울특별시 양천구 신정동,1,목동남로 58-4(신정동) 대체시설,37.5091988,126.8658185,ArcGIS 지오코딩(주소 지점 일치)
경로당,꽃사슴,서울특별시 양천구 신정동,1,중앙로29길 108-15(신정동),37.521636,126.8485321,ArcGIS 지오코딩(주소 지점 일치)
경로당,단산,서울특별시 양천구 신정동,1,신목로 58-12(신정동),37.520161,126.8739846,ArcGIS 지오코딩(주소 지점 일치)
경로당,대림아크로빌(아),서울특별시 양천구 신정동,1,목동서로 401(신정동),37.5154102,126.8596086,ArcGIS 지오코딩(주소 지점 일치)
경로당,삼성쉐르빌(아),서울특별시 양천구 신정동,1,목동동로 189(신정동),37.5228235,126.8707424,ArcGIS 지오코딩(주소 지점 일치)
경로당,삼성제1(아)-일반,서울특별시 양천구 신정동,1,신목로 7(신정동),37.5157277,126.876251,ArcGIS 지오코딩(주소 지점 일치)
경로당,신정e편한세상,서울특별시 양천구 신정동,1,신정로13길 38(신정동),37.5123064,126.8435119,ArcGIS 지오코딩(주소 지점 일치)
경로당,신정대성유니드2차(아),서울특별시 양천구 신정동,1,중앙로29길 108(신정동),37.5210425,126.8482934,ArcGIS 지오코딩(주소 지점 일치)
경로당,신정이펜하우스 5단지,서울특별시 양천구 신정동,1,신정이펜1로 27(신정동),37.5109336,126.8330717,ArcGIS 지오코딩(주소 지점 일치)
경로당,양목(신정4동 제1구립),서울특별시 양천구 신정동,1,"오목로46길 23, B02호(신정동, 중앙빌라1차)",37.5236202,126.8620241,ArcGIS 지오코딩(주소 지점 일치)
경로당,청솔,서울특별시 양천구 신정동,1,중앙로52길 73(신정동),,,
경로당,푸른마을2단지,서울특별시 양천구 신정동,1,신정로7길 76(신정동),37.5131321,126.8356701,ArcGIS 지오코딩(주소 지점 일치)
경로당,현대아이파크,서울특별시 양천구 신정동,1,목동동로 180(신정동),37.5226397,126.8728305,ArcGIS 지오코딩(주소 지점 일치)
보건소,양천구보건소,서울특별시 양천구 신정동,1,"서울특별시 양천구 목동서로 339 (신정동, 양천보건소) 양천구보건소",37.517588,126.8659166,ArcGIS 지오코딩(주소 지점 일치)
경로당,영등포동1가,서울특별시 영등포구,1,경인로 900 여의도더리브스타일 203호,37.5177621,126.9129722,ArcGIS 지오코딩(주소 지점 일치)
도서관(공공도서관),여의샛강도서관,서울특별시 영등포구,1,서울특별시 영등포구 여의대로 24,37.5221797,126.9199179,전국도서관표준데이터
도서관(공공도서관),영등포생각공장도서관,서울특별시 영등포구,1,서울특별시 영등포구 문래북로 105,37.5201201,126.8972026,전국도서관표준데이터
도서관(공공도서관),원지공원도서관,서울특별시 영등포구,1,서울특별시 영등포구 도림로47길 23,37.497349,126.8994319,전국도서관표준데이터
도서관(작은도서관),밤동산작은도서관,서울특별시 영등포구,1,서울특별시 영등포구 여의대방로61길 18-2,37.5148993,126.9245235,전국도서관표준데이터
도서관(작은도서관),조롱박작은도서관,서울특별시 영등포구,1,서울특별시 영등포구 대림로8길 13-1,37.4909729,126.9053053,전국도서관표준데이터
경로당,구립당산1가,서울특별시 영등포구 당산동1가,1,영등포로29길 13(당산동1가 150-1),37.5220913,126.9002064,ArcGIS 지오코딩(주소 지점 일치)
경로당,당산2가,서울특별시 영등포구 당산동2가,1,영등포로19길 7(당산동2가 48-9),37.5226448,126.8928405,ArcGIS 지오코딩(주소 지점 일치)
경로당,래미안당산1차(아),서울특별시 영등포구 당산동374,1,당산로54길 11(당산동374),37.5346886,126.9050197,ArcGIS 지오코딩(주소 지점 일치)
경로당,한양(아),서울특별시 영등포구 당산동3가,1,국회대로38길 15(당산동3가 2-6),37.5255526,126.899052,ArcGIS 지오코딩(주소 지점 일치)
경로당,당산동반도유보라팰리스,서울특별시 영등포구 당산동4가,1,국회대로 597(당산동4가 96),37.5269453,126.9026235,ArcGIS 지오코딩(주소 지점 일치)
경로당,당산한강(아),서울특별시 영등포구 당산동4가,1,영신로57길 5(당산동4가 29),37.5281932,126.9028233,ArcGIS 지오코딩(주소 지점 일치)
경로당,당산현대5차(아),서울특별시 영등포구 당산동4가,1,당산로42길 16(당산동4가 30-1),37.5291869,126.9023571,ArcGIS 지오코딩(주소 지점 일치)
경로당,당산금호어울림,서울특별시 영등포구 당산동4가95,1,국회대로37길 22(당산동4가95),37.5280099,126.9018777,ArcGIS 지오코딩(주소 지점 일치)
경로당,당산센트럴아이파크,서울특별시 영등포구 당산동5가,1,영신로 247(당산동5가 43),37.5295046,126.9037131,ArcGIS 지오코딩(주소 지점 일치)
경로당,당산삼성래미안(4차),서울특별시 영등포구 당산동5가42(413동,1,당산로 214(당산동5가42(413동)),37.5328115,126.9035847,ArcGIS 지오코딩(주소 지점 일치)
경로당,대림성원,서울특별시 영등포구 대림동,1,도신로 32(대림동 650),37.5043813,126.8967969,ArcGIS 지오코딩(주소 지점 일치)
경로당,신대림,서울특별시 영등포구 대림동,1,디지털로 406(대림동 867-5),37.4927215,126.9038082,ArcGIS 지오코딩(주소 지점 일치)
경로당,현대2차(아,서울특별시 영등포구 대림동,1,도신로4길 2(대림동 785),37.5032552,126.8953541,ArcGIS 지오코딩(주소 지점 일치)
경로당,도림청구,서울특별시 영등포구 도림동,1,도영로7길 7(도림동 221-1),37.509661,126.8954042,ArcGIS 지오코딩(주소 지점 일치)
경로당,문래금호어울림(아),서울특별시 영등포구 문래동3가,1,문래로 137(문래동3가 97),37.5191982,126.8975454,ArcGIS 지오코딩(주소 지점 일치)
경로당,문래우정(아),서울특별시 영등포구 문래동3가,1,"도림로456,101동 1층(문래동3가 78)",37.5155366,126.8929433,ArcGIS 지오코딩(주소 지점 일치)
경로당,일심,서울특별시 영등포구 문래동3가,1,문래북로 128(문래동3가 31),37.5193265,126.8993181,ArcGIS 지오코딩(지번 일치)
경로당,현대힐스테이트,서울특별시 영등포구 문래동3가94,1,문래로 84(문래동3가94),37.5194379,126.8912503,ArcGIS 지오코딩(주소 지점 일치)
경로당,리버뷰신안인스빌,서울특별시 영등포구 문래동4가,1,경인로77길 49(문래동4가 67),37.5144049,126.8889339,ArcGIS 지오코딩(주소 지점 일치)
경로당,문래동삼환(아),서울특별시 영등포구 문래동4가,1,도림로143길 32(문래동4가 43),37.5140259,126.8890871,ArcGIS 지오코딩(주소 지점 일치)
경로당,문래대림(아),서울특별시 영등포구 문래동5가,1,선유로 33(문래동5가 1),37.5168975,126.887914,ArcGIS 지오코딩(주소 지점 일치)
경로당,문래진주(아),서울특별시 영등포구 문래동5가,1,선유로9길 31(문래동5가 22),37.5171739,126.8847857,ArcGIS 지오코딩(지번 일치)
경로당,대원(아),서울특별시 영등포구 문래동6가,1,문래로4길 26(문래동6가 47-1),37.5189646,126.8824634,ArcGIS 지오코딩(주소 지점 일치)
경로당,문래미원(아),서울특별시 영등포구 문래동6가,1,문래로 38(문래동6가 54),37.5202481,126.8861606,ArcGIS 지오코딩(주소 지점 일치)
경로당,문래유원(아),서울특별시 영등포구 문래동6가,1,문래북로 22(문래동6가 11-1),37.5209369,126.887974,ArcGIS 지오코딩(주소 지점 일치)
경로당,현대6차(아),서울특별시 영등포구 문래동6가,1,선유서로 31(문래동6가 55-1),37.5186329,126.8839746,ArcGIS 지오코딩(주소 지점 일치)
경로당,신길5동시범길,서울특별시 영등포구 신길5동,1,도림로63길 37-5(신길5동 405-43),,,
경로당,구립율산,서울특별시 영등포구 신길동,1,여의대방로61길 36-5(신길동 9-102),37.5157282,126.9226429,ArcGIS 지오코딩(주소 지점 일치)
경로당,구립의정,서울특별시 영등포구 신길동,1,"신길로 214, 201호(신길동, 선원가와인)",37.5110551,126.910669,ArcGIS 지오코딩(주소 지점 일치)
경로당,래미안 에스티움,서울특별시 영등포구 신길동,1,신풍로 77(신길동 2039) 103동,37.5022841,126.9142563,ArcGIS 지오코딩(주소 지점 일치)
경로당,래미안 에스티움2,서울특별시 영등포구 신길동,1,신풍로 77(신길동 2039) 118동,37.5022841,126.9142563,ArcGIS 지오코딩(주소 지점 일치)
경로당,보라매SK뷰,서울특별시 영등포구 신길동,1,여의대방로35가길 19(신길동 4958) 109동 맞은편,37.5020544,126.9167816,ArcGIS 지오코딩(주소 지점 일치)
경로당,힐스테이트클래시안,서울특별시 영등포구 신길동 4969,1,"신길로28길 9(신길동 4969,102동)",37.5032986,126.9110333,ArcGIS 지오코딩(주소 지점 일치)
경로당,한신(아),서울특별시 영등포구 양평동1가,1,영등포로12길 7(양평동1가 14-1),37.5213995,126.8884834,ArcGIS 지오코딩(주소 지점 일치)
경로당,신벽산(아),서울특별시 영등포구 양평동2가39,1,선유서로21길 30(양평동2가39-1),37.5231249,126.8821698,ArcGIS 지오코딩(주소 지점 일치)
경로당,경남아파트,서울특별시 영등포구 양평동3가,1,선유로33길 22(양평동3가 55-1),37.5273513,126.8882668,ArcGIS 지오코딩(주소 지점 일치)
경로당,삼천리(아),서울특별시 영등포구 양평동3가,1,선유서로 115(양평동3가 24),37.5262122,126.885342,ArcGIS 지오코딩(주소 지점 일치)
경로당,양평3가,서울특별시 영등포구 양평동3가,1,선유동2로 7-11(양평동3가 77-65),37.5299309,126.8941857,ArcGIS 지오코딩(지번 일치)
경로당,우림루미아트,서울특별시 영등포구 양평동3가,1,선유로33길 23(양평동3가 102),37.5262232,126.8884156,ArcGIS 지오코딩(주소 지점 일치)
경로당,동보(아),서울특별시 영등포구 양평동5가,1,양평로23길 18(양평동5가 9-1),37.5383073,126.8910083,ArcGIS 지오코딩(주소 지점 일치)
경로당,동양(아),서울특별시 영등포구 양평동6가,1,양평로30가길 19(양평동6가 100),37.5423577,126.8904016,ArcGIS 지오코딩(주소 지점 일치)
경로당,롯데캐슬아이비(아),서울특별시 영등포구 여의도동,1,국제금융로 86(여의도동 43-4),37.5202061,126.9317999,ArcGIS 지오코딩(주소 지점 일치)
경로당,롯데케슬엠파이어,서울특별시 영등포구 여의도동,1,의사당대로 127(여의도동 36),37.5202405,126.9264068,ArcGIS 지오코딩(주소 지점 일치)
경로당,삼부(아),서울특별시 영등포구 여의도동,1,국제금융로7길 15(여의도동 30-3),37.523161,126.9319811,ArcGIS 지오코딩(주소 지점 일치)
경로당,서울(아),서울특별시 영등포구 여의도동,1,여의나루로 121(여의도동 21-1),37.5268101,126.9309318,ArcGIS 지오코딩(주소 지점 일치)
경로당,두산위브,서울특별시 영등포구 영등포동,1,신길로60나길 9(영등포동 649),37.5147101,126.9124407,ArcGIS 지오코딩(주소 지점 일치)
경로당,아크로타워스퀘어,서울특별시 영등포구 영등포동7가 203외2필지[106동,1,국회대로54길 10(영등포동7가 203외2필지[106동 2층]),37.5240561,126.9074625,ArcGIS 지오코딩(주소 지점 일치)
경로당,당산푸르지오,서울특별시 영등포구 영등포동8가,1,영중로 154(영등포동8가 91),37.5302301,126.9060694,ArcGIS 지오코딩(주소 지점 일치)
경로당,KCC웰츠타워경로당,서울특별시 용산구,1,서울특별시 용산구 백범로90길 90,37.5377465,126.9688331,ArcGIS 지오코딩(주소 지점 일치)
경로당,cj나인파크경로당,서울특별시 용산구,1,서울특별시 용산구 백범로90다길 12,37.5358463,126.9689316,ArcGIS 지오코딩(주소 지점 일치)
경로당,강병삼성스위트경로당,서울특별시 용산구,1,서울특별시 용산구 원효로 40,37.5343658,126.9481978,ArcGIS 지오코딩(주소 지점 일치)
경로당,강촌아파트경로당,서울특별시 용산구,1,서울특별시 용산구 이촌로87길 14,37.5185011,126.9792142,ArcGIS 지오코딩(주소 지점 일치)
경로당,데시앙포레경로당,서울특별시 용산구,1,서울특별시 용산구 효창원로 227,37.5476435,126.9630385,ArcGIS 지오코딩(주소 지점 일치)
경로당,도원삼성래미안제1경로당,서울특별시 용산구,1,서울특별시 용산구 새창로 70,37.5394929,126.9572227,ArcGIS 지오코딩(주소 지점 일치)
경로당,도원삼성래미안제2(임대)경로당,서울특별시 용산구,1,서울특별시 용산구 새창로8길 7,37.5391041,126.9554805,ArcGIS 지오코딩(주소 지점 일치)
경로당,동아그린아파트경로당,서울특별시 용산구,1,서울특별시 용산구 이촌로 100-8,37.5244879,126.9579682,ArcGIS 지오코딩(주소 지점 일치)
경로당,래미안첼리투스경로당,서울특별시 용산구,1,서울특별시 용산구 이촌로 310,37.5168579,126.9792639,ArcGIS 지오코딩(주소 지점 일치)
경로당,보광동제3경로당,서울특별시 용산구,1,서울특별시 용산구 보광로32길 1,37.5293167,126.9980716,ArcGIS 지오코딩(주소 지점 일치)
경로당,보광삼성리버빌아파트경로당,서울특별시 용산구,1,서울특별시 용산구 보광로5길 40,37.5244203,127.0006492,ArcGIS 지오코딩(주소 지점 일치)
경로당,북한강아파트(성원)경로당,서울특별시 용산구,1,서울특별시 용산구 이촌로2가길 66,37.5273165,126.9539779,ArcGIS 지오코딩(주소 지점 일치)
경로당,브라운스톤경로당,서울특별시 용산구,1,서울특별시 용산구 효창원로 88,37.5362991,126.9594876,ArcGIS 지오코딩(주소 지점 일치)
경로당,삼성리버스위트아파트경로당,서울특별시 용산구,1,서울특별시 용산구 이촌로88길 30,37.5168795,126.975899,ArcGIS 지오코딩(주소 지점 일치)
경로당,새로나경로당,서울특별시 용산구,1,서울특별시 용산구 보광로12가길 23-6,37.5278117,127.0007427,ArcGIS 지오코딩(주소 지점 일치)
경로당,신계경로당,서울특별시 용산구,1,서울특별시 용산구 원효로 216,37.5345228,126.9671584,ArcGIS 지오코딩(주소 지점 일치)
경로당,양짓말경로당,서울특별시 용산구,1,서울특별시 용산구 후암로13가길 25,37.5483184,126.9763669,ArcGIS 지오코딩(주소 지점 일치)
경로당,용산롯데캐슬경로당,서울특별시 용산구,1,서울특별시 용산구 백범로 313,37.5393023,126.9629484,ArcGIS 지오코딩(주소 지점 일치)
경로당,용산파크이편한세상경로당,서울특별시 용산구,1,서울특별시 용산구 한강대로53길 16,37.5337821,126.9708536,ArcGIS 지오코딩(주소 지점 일치)
경로당,용산푸르지오파크타운경로당,서울특별시 용산구,1,서울특별시 용산구 녹사평대로 66,37.5250582,126.9955821,ArcGIS 지오코딩(주소 지점 일치)
경로당,우사단경로당,서울특별시 용산구,1,서울특별시 용산구 우사단로4길 30,37.5313734,126.9983932,ArcGIS 지오코딩(주소 지점 일치)
경로당,우성아파트경로당,서울특별시 용산구,1,서울특별시 용산구 이촌로 193,37.5217195,126.9696153,ArcGIS 지오코딩(주소 지점 일치)
경로당,이촌동코오롱아파트경로당,서울특별시 용산구,1,서울특별시 용산구 이촌로87길 21,37.519442,126.9784922,ArcGIS 지오코딩(주소 지점 일치)
경로당,이태원대림경로당,서울특별시 용산구,1,서울특별시 용산구 녹사평대로 254,37.5420386,126.9886315,ArcGIS 지오코딩(주소 지점 일치)
경로당,이화경로당,서울특별시 용산구,1,서울특별시 용산구 이태원로16길 15-10,37.5336926,126.9917236,ArcGIS 지오코딩(주소 지점 일치)
경로당,청화경로당,서울특별시 용산구,1,서울특별시 용산구 장문로 27,37.5310895,126.9946272,ArcGIS 지오코딩(주소 지점 일치)
경로당,파크자이경로당,서울특별시 용산구,1,서울특별시 용산구 한강대로 205,37.5366336,126.9733787,ArcGIS 지오코딩(주소 지점 일치)
경로당,파크타워경로당,서울특별시 용산구,1,서울특별시 용산구 서빙고로 67,37.5241178,126.9703773,ArcGIS 지오코딩(주소 지점 일치)
경로당,한가람아파트경로당,서울특별시 용산구,1,서울특별시 용산구 이촌로 201,37.5218561,126.9702405,ArcGIS 지오코딩(주소 지점 일치)
경로당,한강대우아파트경로당,서울특별시 용산구,1,서울특별시 용산구 이촌로65가길 3,37.5225317,126.9715769,ArcGIS 지오코딩(주소 지점 일치)
경로당,한강맨션경로당,서울특별시 용산구,1,서울특별시 용산구 이촌로 248,37.5181843,126.9749539,ArcGIS 지오코딩(주소 지점 일치)
경로당,한남시범아파트경로당,서울특별시 용산구,1,서울특별시 용산구 독서당로34길 22,37.5388167,127.0133518,ArcGIS 지오코딩(주소 지점 일치)
경로당,현대한강아파트경로당,서울특별시 용산구,1,서울특별시 용산구 이촌로34길 29,37.5231611,126.9585416,ArcGIS 지오코딩(주소 지점 일치)
경로당,효창스위첸경로당,서울특별시 용산구,1,서울특별시 용산구 백범로 275,37.5400304,126.9603829,ArcGIS 지오코딩(주소 지점 일치)
도서관(작은도서관),별밭 작은도서관,서울특별시 용산구,1,서울특별시 용산구 대사관로34길 49,37.5312383,127.0062243,전국도서관표준데이터
도서관(작은도서관),용마루어린이도서관,서울특별시 용산구,1,서울특별시 용산구 효창원로37길 1,37.536928,126.95823,전국도서관표준데이터
보건소,용산구보건소,서울특별시 용산구 이태원동,1,"서울특별시 용산구 녹사평대로 150 (이태원동, 용산구종합행정타운) 1층 보건소",37.5324523,126.9904788,ArcGIS 지오코딩(주소 지점 일치)
경로당,백련산해모로아파트,서울특별시 은평구,1,응암로30길 15 104동,37.5964671,126.9221974,ArcGIS 지오코딩(주소 지점 일치)
경로당,힐스테이트녹번아파트골든라운지,서울특별시 은평구,1,통일로 610 106동 1층,37.6007992,126.9372745,ArcGIS 지오코딩(주소 지점 일치)
경로당,힐스테이트녹번역아파트,서울특별시 은평구,1,은평로 240 110동,37.6006487,126.934328,ArcGIS 지오코딩(주소 지점 일치)
도서관(작은도서관),그루터기 작은도서관,서울특별시 은평구,1,"서울특별시 은평구 은평로10길 17, 2층호",37.5994202,126.924131,전국도서관표준데이터
도서관(작은도서관),꿈나무마을 책놀이방,서울특별시 은평구,1,서울특별시 은평구 백련산로14길 20-11,37.5975609,126.9287441,전국도서관표준데이터
도서관(작은도서관),꿈담은 작은도서관,서울특별시 은평구,1,서울특별시 은평구 연서로41길 4,37.6257611,126.9285099,전국도서관표준데이터
도서관(작은도서관),꿈샘도서관,서울특별시 은평구,1,서울특별시 은평구 응암로 20길 24 한성교회 교육관 1층,37.5925312,126.9206066,전국도서관표준데이터
도서관(작은도서관),꿈지락작은도서관,서울특별시 은평구,1,서울특별시 은평구 진관1로 77-8 401동,37.6313727,126.9293132,전국도서관표준데이터
도서관(작은도서관),녹번만화도서관,서울특별시 은평구,1,서울특별시 은평구 은평로 245,37.6011058,126.9351485,전국도서관표준데이터
도서관(작은도서관),다니엘 작은도서관,서울특별시 은평구,1,서울특별시 은평구 연서로41길 13-3 부림교회,37.625789,126.9276146,전국도서관표준데이터
도서관(작은도서관),다섯콩작은도서관,서울특별시 은평구,1,서울특별시 은평구 서오릉로4길 10. 성암비전센터 2층,37.6049413,126.9258637,전국도서관표준데이터
도서관(작은도서관),두드림 도서관,서울특별시 은평구,1,서울특별시 은평구 진관3로 15-35 1001동 1층(3지구),37.6400384,126.9181869,전국도서관표준데이터
도서관(작은도서관),래미안 푸른숲 도서관-무인운영,서울특별시 은평구,1,서울특별시 은평구 진관3로 77 924동 1층(3지구),37.6442044,126.9195316,전국도서관표준데이터
도서관(작은도서관),롯데캐슬문고-미운영,서울특별시 은평구,1,서울특별시 은평구 진관3로 70 830동 1층(1지구),37.6431467,126.9230936,전국도서관표준데이터
도서관(작은도서관),모퉁이작은도서관(은평뉴타운 상림마을 14단지 마을문고)-미운영,서울특별시 은평구,1,서울특별시 은평구 진관4로 48-51 730동 1층(1지구),37.6421631,126.9308695,전국도서관표준데이터
도서관(작은도서관),무지개영어도서관-미운영 (열려는 있음…),서울특별시 은평구,1,서울특별시 은평구 서오릉로21길 11,37.6148651,126.9075755,전국도서관표준데이터
도서관(작은도서관),물푸레작은도서관(물푸레수푸레 작은도서관),서울특별시 은평구,1,서울특별시 은평구 은평구 진관4로 48-51 상림마을 742동 1층,37.6436685,126.9299414,전국도서관표준데이터
도서관(작은도서관),북한산 힐스테이트 1차 솔숲작은도서관,서울특별시 은평구,1,서울특별시 은평구 불광로2길 33 1110동 지하 주차장1층,37.6123902,126.9365395,전국도서관표준데이터
도서관(작은도서관),비전뜰 도서관,서울특별시 은평구,1,서울특별시 은평구 통일로92길 6,37.6257019,126.920797,전국도서관표준데이터
도서관(작은도서관),사랑꿈터 작은 도서관,서울특별시 은평구,1,서울특별시 은평구 진관4로 47 706동 1층,37.6464125,126.926514,전국도서관표준데이터
도서관(작은도서관),산책마을 SH작은도서관,서울특별시 은평구,1,서울특별시 은평구 연서로46길 7 1110동 B1,37.6342401,126.9345291,전국도서관표준데이터
도서관(작은도서관),상림6 작은도서관,서울특별시 은평구,1,서울특별시 은평구 진관4로 107 621동 1층(1지구),37.6486116,126.9305505,전국도서관표준데이터
도서관(작은도서관),상림책마루작은도서관-미운영,서울특별시 은평구,1,서울특별시 은평구 진관4로 17 810동 1층(1지구),37.6438194,126.9237411,전국도서관표준데이터
도서관(작은도서관),샘터작은도서관,서울특별시 은평구,1,서울특별시 은평구 진관2로 111-7 220동 지하1층(2지구),37.6368178,126.9316145,전국도서관표준데이터
도서관(작은도서관),서문어린이도서관-미운영,서울특별시 은평구,1,서울특별시 은평구 가좌로10길 10,37.5916309,126.916747,전국도서관표준데이터
도서관(작은도서관),서영 작은도서관,서울특별시 은평구,1,서울특별시 은평구 증산로11길 7-12,37.5865335,126.9111368,전국도서관표준데이터
도서관(작은도서관),수리마을 작은도서관,서울특별시 은평구,1,서울특별시 은평구 불광로18길 6,37.6222327,126.9319023,전국도서관표준데이터
도서관(작은도서관),숲속 향기 작은도서관,서울특별시 은평구,1,서울특별시 은평구 연서로48길 12 501동 앞,37.6356779,126.9341007,전국도서관표준데이터
도서관(작은도서관),어린이도서관 동네북,서울특별시 은평구,1,서울특별시 은평구 진흥로 174 양광비젼센터2층,37.6082818,126.9285905,전국도서관표준데이터
도서관(작은도서관),영광영재도서관,서울특별시 은평구,1,서울특별시 은평구 갈현로7가길 9 제일영광교회,37.6030675,126.9091861,전국도서관표준데이터
도서관(작은도서관),예뜰도서관,서울특별시 은평구,1,서울특별시 은평구 은평로3길 10 은평교회,37.5996987,126.9151693,전국도서관표준데이터
도서관(작은도서관),우물골작은도서관,서울특별시 은평구,1,서울특별시 은평구 진관2로 77 206동 1층(2지구),37.6343319,126.9277412,전국도서관표준데이터
도서관(작은도서관),은혜뜰 어린이 도서관,서울특별시 은평구,1,서울특별시 은평구 가좌로 305,37.5949713,126.9106064,전국도서관표준데이터
도서관(작은도서관),정임도서관,서울특별시 은평구,1,서울특별시 은평구통일로 951 서광교회,37.6277484,126.9191805,전국도서관표준데이터
도서관(작은도서관),종이책갈피 작은도서관,서울특별시 은평구,1,서울특별시 은평구 진관3로 67 912동 1층(3지구),37.641834,126.9204384,전국도서관표준데이터
도서관(작은도서관),책뜰에도서관,서울특별시 은평구,1,서울특별시 은평구 북한산로 2 1023동 1층(3지구),37.6428296,126.9160049,전국도서관표준데이터
도서관(작은도서관),청소년도서관 작공,서울특별시 은평구,1,서울특별시 은평구 통일로 817 대조빌딩 301호 (전면부),37.6165583,126.9231935,전국도서관표준데이터
도서관(작은도서관),초록길도서관,서울특별시 은평구,1,서울특별시 은평구 연서로5길 28,37.6040711,126.9124898,전국도서관표준데이터
도서관(작은도서관),큰꿈(을 키우는 작은)도서관,서울특별시 은평구,1,서울특별시 은평구 진관2로 57-37 244동 1층(2지구),37.6351635,126.9260525,전국도서관표준데이터
도서관(작은도서관),파쳄작은도서관(구 은광교회도서관),서울특별시 은평구,1,서울특별시 은평구 통일로68길 11,37.6127035,126.9297845,전국도서관표준데이터
도서관(작은도서관),푸른작은도서관,서울특별시 은평구,1,서울특별시 은평구 연서로 455 537동 1층(3지구),37.6360353,126.93277,전국도서관표준데이터
도서관(작은도서관),푸른풀밭 작은도서관,서울특별시 은평구,1,"서울특별시 은평구 백련산로 133, 4층",37.5972489,126.9241509,전국도서관표준데이터
도서관(작은도서관),해모로 꿈모락 작은도서관,서울특별시 은평구,1,서울특별시 은평구 응암로30길 1,37.5941,126.9214,전국도서관표준데이터
경로당,이편한세상백련산아파트,서울특별시 은평구 102동아래,1,백련산로 112 (102동아래),37.5949859,126.923365,ArcGIS 지오코딩(주소 지점 일치)
경로당,e편한세상아파트2단지,서울특별시 은평구 구산동,1,서오릉로21길 48(구산동),37.612409,126.9062754,ArcGIS 지오코딩(주소 지점 일치)
경로당/도서관(작은도서관),"대림아파트, Book Bridge 작은도서관",서울특별시 은평구 녹번동,2,통일로 590(녹번동),37.6006262,126.9371561,ArcGIS 지오코딩(주소 지점 일치)
경로당,믿음의집,서울특별시 은평구 대조동,1,"역말로 10길 30-1 4층, 5층(대조동)",37.6092164,126.9238155,ArcGIS 지오코딩(주소 지점 일치)
도서관(작은도서관),대조꿈나무어린이도서관,서울특별시 은평구 대조동,1,서울특별시 은평구 연서로20길 24-6 (대조동),37.6138236,126.9207184,전국도서관표준데이터
경로당,메트로타워아파트,서울특별시 은평구 불광동,1,통일로 856 12층(불광동),37.6196227,126.9215229,ArcGIS 지오코딩(주소 지점 일치)
경로당,불광SH빌,서울특별시 은평구 불광동,1,불광로2길 46 (불광동),37.6115391,126.935676,ArcGIS 지오코딩(주소 지점 일치)
경로당,불광롯데캐슬4차아파트,서울특별시 은평구 불광동,1,"불광로2길 27, 불광롯데캐슬4차아파트 201동 지하1층(불광동)",37.612828,126.9343142,ArcGIS 지오코딩(주소 지점 일치)
경로당,송암,서울특별시 은평구 불광동,1,불광로5길 6-12(불광동),37.6150488,126.9319873,ArcGIS 지오코딩(주소 지점 일치)
보건소,불광보건지소,서울특별시 은평구 불광동,1,"서울특별시 은평구 연서로34길 11 (불광동, 보건분소) 불광보건지소",37.6215625,126.9276913,ArcGIS 지오코딩(주소 지점 일치)
도서관(작은도서관),바다의 별 작은도서관-미운영,서울특별시 은평구 불광동성당,1,서울특별시 은평구 통일로 786(불광동성당),37.615254,126.9264065,전국도서관표준데이터
경로당,DMCSK뷰1단지아파트,서울특별시 은평구 수색동,1,수색로 216 105동(수색동),37.5818239,126.900283,ArcGIS 지오코딩(주소 지점 일치)
경로당,신흥삼부아파트,서울특별시 은평구 신사동,1,증산로21길 11(신사동),37.5957074,126.913495,ArcGIS 지오코딩(주소 지점 일치)
경로당,응암역효성해링턴플레이스아파트,서울특별시 은평구 신사동,1,가좌로 334 103동(신사동),37.5983576,126.9092382,ArcGIS 지오코딩(주소 지점 일치)
경로당,장수,서울특별시 은평구 신사동,1,은평터널로 126(신사동),37.5904436,126.90498,ArcGIS 지오코딩(주소 지점 일치)
경로당,역촌센트레빌,서울특별시 은평구 역촌동,1,갈현로3나길 23 104동 1층(역촌동),37.6029775,126.90625,ArcGIS 지오코딩(주소 지점 일치)
도서관(작은도서관),은평어린이영어도서관 (평생학습관 1층),서울특별시 은평구 역촌동,1,서울특별시 은평구 서오릉로 87 1층 (역촌동),37.6078269,126.9211787,전국도서관표준데이터
경로당,백련산 파크자이,서울특별시 은평구 응암2동,1,백련산로67 102동(응암2동),37.592008,126.9225521,ArcGIS 지오코딩(주소 지점 일치)
도서관(작은도서관),포수마을 만화도서관,서울특별시 은평구 응암동,1,서울특별시 은평구 증산로 478 (응암동),37.5988496,126.915929,전국도서관표준데이터
보건소,응암보건지소,서울특별시 은평구 응암동,1,"서울특별시 은평구 가좌로 195 (응암동, 응암보건지소) 응암보건지소",37.5880345,126.9195084,ArcGIS 지오코딩(주소 지점 일치)
경로당,증산제2,서울특별시 은평구 증산동,1,증산로9길 6-17 (증산동),37.5853892,126.9098515,ArcGIS 지오코딩(주소 지점 일치)
도서관(작은도서관),성산작은도서관(폐관예정),서울특별시 은평구 증산동,1,"서울특별시 은평구 증산서길 90 (증산동,성산교회)",37.5841735,126.9073103,전국도서관표준데이터
경로당,구파발 10단지 제1,서울특별시 은평구 진관동,1,진관3로 15-45 1012동 1층(진관동),37.6442916,126.9161712,ArcGIS 지오코딩(주소 지점 일치)
경로당,구파발10단지 제2,서울특별시 은평구 진관동,1,진관3로 15-35 1009동 1층(진관동),37.6421624,126.9179875,ArcGIS 지오코딩(주소 지점 일치)
경로당,구파발10단지 제3,서울특별시 은평구 진관동,1,북한산로 2 1025동 1층(진관동),37.6401228,126.917239,ArcGIS 지오코딩(주소 지점 일치)
경로당,구파발9단지,서울특별시 은평구 진관동,1,진관3로 67 908동(진관동),37.6425533,126.9212361,ArcGIS 지오코딩(주소 지점 일치)
경로당,마고정11단지,서울특별시 은평구 진관동,1,진관1로 55 308동 1층(진관동),37.6319295,126.9242193,ArcGIS 지오코딩(주소 지점 일치)
경로당,은뜨락,서울특별시 은평구 진관동,1,통일로 972 102동(진관동),37.6303517,126.9203671,ArcGIS 지오코딩(주소 지점 일치)
경로당,은진,서울특별시 은평구 진관동,1,진관1로 21-10 130동 1층(진관동),37.6318148,126.9215214,ArcGIS 지오코딩(주소 지점 일치)
경로당,"은평뉴타운 마고정 3단지 제2, 은평뉴타운 구파발9단지 제2",서울특별시 은평구 진관동,2,진관2로 90 314동 1층(진관동),37.6335138,126.9274448,ArcGIS 지오코딩(주소 지점 일치)
경로당,은평뉴타운 우물골2단지 제2,서울특별시 은평구 진관동,1,진관2로 77 204동 지1층(진관동),37.6345024,126.9297186,ArcGIS 지오코딩(주소 지점 일치)
경로당,은평뉴타운 우물골6단지아파트,서울특별시 은평구 진관동,1,진관2로 57-7 255동 지층(진관동),37.6357181,126.9241312,ArcGIS 지오코딩(주소 지점 일치)
경로당,은평뉴타운 우물골8단지아파트,서울특별시 은평구 진관동,1,진관2로 111-7 218동 지하1층(진관동),37.6364578,126.9323039,ArcGIS 지오코딩(주소 지점 일치)
경로당,은평뉴타운 우물골아파트 제4,서울특별시 은평구 진관동,1,"진관2로 57-37,  241동 지층 (진관동, 은평뉴타운 우물골)",37.6377567,126.9284962,ArcGIS 지오코딩(주소 지점 일치)
경로당,은평뉴타운 제각말5단지 제4,서울특별시 은평구 진관동,1,연서로 455 529동 지하1층(진관동),37.6350258,126.9322442,ArcGIS 지오코딩(주소 지점 일치)
경로당,은평뉴타운 폭포동4단지 제4,서울특별시 은평구 진관동,1,연서로44길 55(진관동),37.6276515,126.936495,ArcGIS 지오코딩(주소 지점 일치)
경로당,은평뉴타운아파트 폭포동4단지2은빛,서울특별시 은평구 진관동,1,연서로44길 7 412동 앞(진관동),37.6309927,126.9317124,ArcGIS 지오코딩(주소 지점 일치)
경로당,은평지웰테라스아파트,서울특별시 은평구 진관동,1,진관4로 78-38 1511동(진관동),37.6436946,126.9312511,ArcGIS 지오코딩(주소 지점 일치)
경로당/도서관(작은도서관),"은평뉴타운 마고정2단지아파트, 마고정 작은도서관",서울특별시 은평구 진관동,2,진관2로 60 335동 1층(진관동),37.6326805,126.9241945,ArcGIS 지오코딩(주소 지점 일치)
경로당/도서관(작은도서관),"은평뉴타운 폭포동4단지 제3, 지혜누리작은도서관",서울특별시 은평구 진관동,2,연서로44길 30 425동 1층(진관동),37.6276988,126.9346804,ArcGIS 지오코딩(주소 지점 일치)
경로당,아남아파트경로당,서울특별시 종로구,1,종로구 창경궁로 265(명륜2가),37.5851793,126.9998329,ArcGIS 지오코딩(주소 지점 일치)
경로당,경희궁롯데캐슬아파트경로당,서울특별시 종로구 무악동,1,"종로구 통일로 230, 102동 1층(무악동, 경희궁롯데캐슬)",37.5735477,126.9597185,ArcGIS 지오코딩(주소 지점 일치)
경로당,무악현대아파트경로당,서울특별시 종로구 무악동,1,종로구 통일로12길 51(무악동),37.5747695,126.961574,ArcGIS 지오코딩(주소 지점 일치)
경로당,인왕산아이파크경로당,서울특별시 종로구 무악동,1,종로구 통일로18길 9(무악동),37.5766081,126.9564068,ArcGIS 지오코딩(주소 지점 일치)
경로당,종로센트레빌경로당,서울특별시 종로구 숭인동,1,종로구 동망산길 47(숭인동),37.5798577,127.0159411,ArcGIS 지오코딩(주소 지점 일치)
경로당,힐스테이트경로당,서울특별시 종로구 숭인동,1,종로구 숭인동길 21(숭인동),37.5761319,127.0216305,ArcGIS 지오코딩(주소 지점 일치)
경로당,연건경로당,서울특별시 종로구 연건동,1,종로구 대학로5길 38 (연건동),37.5788758,127.0008945,ArcGIS 지오코딩(주소 지점 일치)
보건소,종로구보건소,서울특별시 종로구 옥인동,1,"서울특별시 종로구 자하문로19길 36 (옥인동, 종로구보건소, 청운효자동자치회관) 1~4층",37.5818305,126.9692258,ArcGIS 지오코딩(주소 지점 일치)
경로당,6?25참전유공자경로당,서울특별시 종로구 이화동,1,"종로구 율곡로19길 17-3, 1호 (이화동)",37.5764168,127.0056439,ArcGIS 지오코딩(주소 지점 일치)
경로당,효성경로당,서울특별시 종로구 인의동,1,종로구 종로 183(인의동),37.571437,126.9983858,ArcGIS 지오코딩(주소 지점 일치)
경로당,낙산등우회경로당,서울특별시 종로구 창신동,1,종로구 낙산성곽서길 184(창신동),37.58021,127.008619,ArcGIS 지오코딩(주소 지점 일치)
경로당,쌍용A1단지경로당,서울특별시 종로구 창신동,1,종로구 동망산길 19(창신동),37.5804964,127.0147401,ArcGIS 지오코딩(주소 지점 일치)
경로당,쌍용A2단지경로당,서울특별시 종로구 창신동,1,종로구 낙산길 198(창신동),37.5807182,127.011641,ArcGIS 지오코딩(주소 지점 일치)
경로당,경희궁자이3단지경로당,서울특별시 종로구 평동,1,"종로구 경교장길 35(평동, 경희궁자이3단지)",37.5683372,126.9652691,ArcGIS 지오코딩(주소 지점 일치)
경로당,금강경로당,서울특별시 종로구 평창동,1,종로구 평창24길 18(평창동),37.6086506,126.975753,ArcGIS 지오코딩(주소 지점 일치)
경로당,롯데아파트경로당,서울특별시 종로구 평창동,1,종로구 평창문화로 140(평창동),37.6094873,126.9755823,ArcGIS 지오코딩(주소 지점 일치)
경로당,삼성아파트경로당,서울특별시 종로구 평창동,1,종로구 평창문화로 172(평창동),37.6113004,126.9792511,ArcGIS 지오코딩(주소 지점 일치)
경로당,경희궁자이1단지경로당,서울특별시 종로구 행촌동,1,"종로구 송월길 130(행촌동, 경희궁자이1단지)",37.5721125,126.963823,ArcGIS 지오코딩(주소 지점 일치)
경로당,경희궁자이2단지경로당,서울특별시 종로구 홍파동,1,"종로구 송월길 99 (홍파동, 경희궁자이2단지)",37.5700417,126.9628434,ArcGIS 지오코딩(주소 지점 일치)
경로당,남대문5가,서울특별시 중구,1,남대문로5가 626,37.5607986,126.976439,ArcGIS 지오코딩(주소 지점 일치)
경로당,덕수궁롯데캐슬아파트,서울특별시 중구,1,"서소문로9길 28, 2층",37.5638224,126.9705562,ArcGIS 지오코딩(주소 지점 일치)
경로당,동 화,서울특별시 중구,1,"청구로64, 115동 1층",37.5596468,127.0164796,ArcGIS 지오코딩(주소 지점 일치)
경로당,"사랑(구 하이베르2), 하이베르",서울특별시 중구,2,"퇴계로90길74, 201동",37.5617222,127.0210472,ArcGIS 지오코딩(주소 지점 일치)
경로당,청구e편한세상,서울특별시 중구,1,"청구로64, 109동 1층",37.5596468,127.0164796,ArcGIS 지오코딩(주소 지점 일치)
경로당,하나유보라아파트,서울특별시 중구,1,"중구 왕십리로 407, 105동 L2층",37.564276,127.0247353,ArcGIS 지오코딩(주소 지점 일치)
경로당,한 라,서울특별시 중구,1,"만리재로 177, 103동 1층",37.5545736,126.965847,ArcGIS 지오코딩(주소 지점 일치)
경로당,"한진그랑빌행복, 한진그랑빌",서울특별시 중구,2,"왕십리로39길30, 104동옆",37.5634617,127.0262097,ArcGIS 지오코딩(주소 지점 일치)
도서관(작은도서관),청구동 작은도서관,서울특별시 중구,1,서울특별시 중구 다산로24가길 23,37.556314,127.015977,전국도서관표준데이터
보건소,서울중구보건소,서울특별시 중구 무학동,1,"서울특별시 중구 다산로39길 16 (무학동, 중구보건소) 중구보건소",37.5645857,127.0150952,ArcGIS 지오코딩(주소 지점 일치)
경로당,소 공,서울특별시 중구 서소문동,1,서소문로11길 10 (서소문동),37.5633681,126.9730329,ArcGIS 지오코딩(주소 지점 일치)
경로당,남산숲(구 남산타운1),서울특별시 중구 신당동,1,다산로32(신당동) 3동앞,37.5478771,127.0086032,ArcGIS 지오코딩(주소 지점 일치)
경로당,대양,서울특별시 중구 신당동,1,동호로10길30(신당동) 119동,37.5556047,127.0150628,ArcGIS 지오코딩(주소 지점 일치)
경로당,삼성아파트,서울특별시 중구 신당동,1,청구로1길23(신당동) 114동옆,37.5585795,127.0168906,ArcGIS 지오코딩(주소 지점 일치)
경로당,신일(구:광희문),서울특별시 중구 신당동,1,청구로121(신당동)(2015.04.08.명칭변경),37.5626083,127.010207,ArcGIS 지오코딩(주소 지점 일치)
경로당,쌈지(구 남산타운2),서울특별시 중구 신당동,1,다산로32(신당동) 25동,37.5478771,127.0086032,ArcGIS 지오코딩(주소 지점 일치)
경로당,약수하이츠,서울특별시 중구 신당동,1,동호로10길30(신당동) 106동옆,37.5556047,127.0150628,ArcGIS 지오코딩(주소 지점 일치)
경로당,청 구,서울특별시 중구 신당동,1,청구로3길 69(신당동) 1층,37.5565225,127.0143462,ArcGIS 지오코딩(주소 지점 일치)
경로당,청송,서울특별시 중구 신당동,1,청구로1길23(신당동) 115동뒤,37.5585795,127.0168906,ArcGIS 지오코딩(주소 지점 일치)
경로당,남산 아이리스,서울특별시 중구 회현동1가,1,"소공로35(회현동1가,남산롯데캐슬아이리스)4층",37.5583682,126.9824181,ArcGIS 지오코딩(주소 지점 일치)
경로당,남산SK리더스뷰,서울특별시 중구 회현동1가,1,퇴계로72(회현동1가) 3층,37.5591254,126.9806038,ArcGIS 지오코딩(주소 지점 일치)
경로당,다우훼미리APT경로당,서울특별시 중랑구,1,서울특별시 중랑구 송림길 18?,37.6004795,127.0964366,ArcGIS 지오코딩(주소 지점 일치)
경로당,대원칸타빌APT경로당,서울특별시 중랑구,1,서울특별시 중랑구 용마산로 285,37.5783358,127.0904366,ArcGIS 지오코딩(주소 지점 일치)
경로당,두산제2차APT경로당,서울특별시 중랑구,1,서울특별시 중랑구 면목로37길 58,37.5803958,127.0831868,ArcGIS 지오코딩(주소 지점 일치)
경로당,"두산제4,5차APT경로당",서울특별시 중랑구,1,서울특별시 중랑구 면목로35길 63,37.5791848,127.082723,ArcGIS 지오코딩(주소 지점 일치)
경로당,라이프미성APT경로당,서울특별시 중랑구,1,서울특별시 중랑구 용마산로129나길 101,37.603253,127.0988072,ArcGIS 지오코딩(주소 지점 일치)
경로당,면목경남아너스빌APT경로당,서울특별시 중랑구,1,서울특별시 중랑구 답십리로75길 73,37.5755453,127.0801946,ArcGIS 지오코딩(주소 지점 일치)
경로당,면목남촌경로당,서울특별시 중랑구,1,서울특별시 중랑구 면목로66길 36,37.5863743,127.0901473,ArcGIS 지오코딩(주소 지점 일치)
경로당,면목라온프라이빗APT경로당,서울특별시 중랑구,1,서울특별시 중랑구 동일로 91길 23,37.5825185,127.0791218,ArcGIS 지오코딩(주소 지점 일치)
경로당,면목마젤란APT경로당,서울특별시 중랑구,1,서울특별시 중랑구 겸재로30길 42,37.5871558,127.0841646,ArcGIS 지오코딩(주소 지점 일치)
경로당,면목성원APT경로당,서울특별시 중랑구,1,서울특별시 중랑구 용마산로 278?,37.5773675,127.0907012,ArcGIS 지오코딩(주소 지점 일치)
경로당,묵1동금호어울림APT 경로당,서울특별시 중랑구,1,서울특별시 중랑구 공릉로2길 39,37.6123681,127.0801076,ArcGIS 지오코딩(주소 지점 일치)
경로당,사가정센트럴아이파크APT경로당,서울특별시 중랑구,1,서울특별시 중랑구 동일로 92길  40,37.5832562,127.0807007,ArcGIS 지오코딩(주소 지점 일치)
경로당,삼호APT경로당,서울특별시 중랑구,1,서울특별시 중랑구 용마산로 259,37.5760923,127.0880042,ArcGIS 지오코딩(주소 지점 일치)
경로당,상봉현대엠코경로당,서울특별시 중랑구,1,서울특별시 중랑구 망우로 353 B동 7층,37.5983328,127.0916241,ArcGIS 지오코딩(주소 지점 일치)
경로당,세방APT경로당,서울특별시 중랑구,1,서울특별시 중랑구 숙선옹주로9길 25,37.6158007,127.0837321,ArcGIS 지오코딩(주소 지점 일치)
경로당,신내4단지APT경로당,서울특별시 중랑구,1,서울특별시 중랑구 숙선옹주로 91?,37.6162327,127.0842891,ArcGIS 지오코딩(주소 지점 일치)
경로당,신내8단지APT(두산화성)경로당,서울특별시 중랑구,1,서울특별시 중랑구 신내로 155 신내8단지,37.6136811,127.0953668,ArcGIS 지오코딩(주소 지점 일치)
경로당,신내글로리움APT경로당,서울특별시 중랑구,1,서울특별시 중랑구 신내로 208,37.6170001,127.0931176,ArcGIS 지오코딩(주소 지점 일치)
경로당,신내데시앙APT경로당,서울특별시 중랑구,1,서울특별시 중랑구 용마산로 669,37.6120768,127.1002898,ArcGIS 지오코딩(주소 지점 일치)
경로당,신내성원APT경로당,서울특별시 중랑구,1,서울특별시 중랑구 신내로 51,37.6038949,127.0948626,ArcGIS 지오코딩(주소 지점 일치)
경로당,신안2차APT경로당,서울특별시 중랑구,1,서울특별시 중랑구 공릉로2나길 46,37.6139814,127.080199,ArcGIS 지오코딩(주소 지점 일치)
경로당,양지경로당,서울특별시 중랑구,1,서울특별시 중랑구 면목로84길 20-1,37.5918862,127.0880997,ArcGIS 지오코딩(주소 지점 일치)
경로당,용마동아APT경로당,서울특별시 중랑구,1,서울특별시 중랑구 용마산로 62길 43,37.5785292,127.0943524,ArcGIS 지오코딩(주소 지점 일치)
경로당,용마산금호어울림APT경로당,서울특별시 중랑구,1,서울특별시 중랑구 용마산로 290,37.5780548,127.0912246,ArcGIS 지오코딩(주소 지점 일치)
경로당,용마산모아엘가파크포레APT경로당,서울특별시 중랑구,1,서울특별시 중랑구 용마산로 84길 9-16,37.5858009,127.0963687,ArcGIS 지오코딩(주소 지점 일치)
경로당,태릉브라운스톤APT경로당,서울특별시 중랑구,1,서울특별시 중랑구 공릉로18길 59,37.6186935,127.0834826,ArcGIS 지오코딩(주소 지점 일치)
경로당,망우청광APT경로당,서울특별시 중랑구 망우동,1,서울특별시 중랑구 용마산로116길 76(망우동) 청광아파트,37.5996788,127.1043707,ArcGIS 지오코딩(주소 지점 일치)
경로당,먹골경로당,서울특별시 중랑구 묵동,1,서울특별시 중랑구 공릉로12가길 70-15(묵동),37.6175688,127.0835995,ArcGIS 지오코딩(주소 지점 일치)
경로당,묵동공감대APT경로당,서울특별시 중랑구 묵동,1,"서울특별시 중랑구 공릉로 32,(묵동, 공감대아파트)",37.6136314,127.0783182,ArcGIS 지오코딩(주소 지점 일치)
